Source,Target,Weight
482,485,1
257,364,1
444,415,1
767,757,1
230,239,1
696,704,1
620,631,1
36,5,1
526,571,1
440,448,1
289,281,1
127,61,1
768,760,1
86,99,1
433,470,1
784,796,1
72,47,1
127,46,1
101,34,1
439,424,1
26,1,1
262,263,1
191,182,1
131,132,1
384,390,1
13,18,1
149,157,1
314,312,1
196,209,1
503,482,1
257,357,1
453,411,1
583,561,1
303,306,1
299,314,1
279,280,1
22,41,1
101,108,1
237,241,2
78,60,1
187,188,1
34,2,1
324,325,1
67,61,1
445,448,1
362,372,1
257,267,1
435,405,1
662,648,1
318,319,1
270,303,1
373,312,1
457,464,1
523,524,1
0,17,1
470,472,1
502,490,1
72,59,1
236,222,1
454,415,1
640,642,1
586,604,1
776,797,1
680,620,1
38,5,1
316,256,1
576,584,1
648,656,1
335,326,1
262,266,1
383,389,1
422,430,1
531,546,1
696,630,1
771,761,1
111,136,1
202,204,1
125,126,1
633,642,1
263,252,1
511,528,1
314,319,1
4,15,1
145,154,2
24,1,1
487,494,1
64,66,1
245,249,1
294,274,1
269,251,1
456,465,1
152,142,1
669,678,1
46,62,1
614,616,1
445,450,1
317,310,1
553,576,1
56,59,1
661,622,1
450,426,1
137,161,1
194,592,1
774,765,1
67,57,1
665,657,1
451,424,1
738,732,1
114,119,1
685,674,1
724,745,1
189,170,1
237,245,1
348,350,1
452,426,1
807,812,1
501,483,1
812,270,1
451,418,1
785,790,1
124,103,1
145,149,2
605,592,1
40,15,1
545,534,1
401,452,1
724,740,1
20,4,1
532,550,1
5,11,1
145,105,2
323,328,1
438,446,1
272,291,1
616,634,1
697,709,1
227,270,1
433,453,1
189,174,1
60,182,1
71,56,1
232,223,1
435,447,1
725,738,1
694,677,1
792,798,1
376,366,1
402,410,1
305,280,1
103,120,1
464,472,1
8,12,1
725,730,1
401,415,1
666,653,1
440,424,1
796,798,1
256,264,1
545,546,1
362,364,1
781,782,1
746,749,1
545,549,1
232,788,1
39,17,1
317,295,1
448,418,1
337,355,1
634,718,2
193,172,1
437,409,1
448,424,1
292,285,1
544,526,1
65,76,1
449,422,1
449,428,1
575,558,1
29,32,1
355,360,1
393,399,1
665,649,1
194,173,1
60,416,1
334,325,1
64,71,1
641,619,1
646,648,1
439,448,1
352,343,1
812,794,1
445,424,1
706,718,2
803,798,1
690,449,1
689,695,1
447,60,1
785,796,1
334,380,1
802,780,1
67,48,1
441,430,1
259,260,1
621,702,1
576,577,1
280,311,1
443,428,1
443,422,1
686,683,1
621,631,1
644,653,1
22,40,1
801,792,1
582,571,1
226,223,1
79,50,1
436,421,1
776,795,1
412,423,1
403,425,1
34,8,1
164,168,1
379,313,1
449,681,1
5,8,1
708,650,1
615,617,1
579,580,1
565,571,1
799,795,1
580,573,1
71,51,1
34,7,1
446,425,1
531,549,1
21,5,1
513,519,1
690,691,1
639,622,1
585,556,1
435,407,1
181,183,1
653,656,1
120,123,1
84,60,1
449,409,1
338,351,1
477,462,1
734,744,1
436,438,1
805,791,1
785,793,1
79,53,1
265,250,1
432,396,1
432,451,1
420,427,1
478,472,1
577,583,1
334,367,1
73,57,1
509,524,1
741,726,1
2,10,1
126,103,1
81,120,1
642,627,1
580,584,1
799,234,1
273,283,1
338,349,1
800,805,1
454,430,1
755,760,1
41,13,1
610,613,1
356,346,1
433,473,1
478,461,1
619,626,1
747,726,1
5,7,1
616,619,1
673,674,1
450,454,1
779,809,1
407,415,1
402,492,1
579,571,1
445,431,1
402,403,1
545,537,1
530,516,1
314,295,1
162,153,1
207,206,1
229,268,1
393,392,1
757,760,1
375,359,1
189,190,1
685,688,1
332,291,1
457,468,1
637,619,1
270,253,1
257,372,1
188,172,1
438,421,1
692,680,1
580,556,1
365,367,1
552,553,1
605,612,1
505,482,1
706,714,2
24,33,1
741,732,1
145,148,1
101,86,1
106,99,1
387,389,1
105,158,1
473,459,1
19,3,1
509,528,1
78,55,1
453,428,1
453,422,1
476,472,1
432,405,1
104,105,1
440,450,1
58,59,1
312,367,1
401,439,1
261,244,1
726,727,1
316,304,1
241,267,1
322,293,1
32,38,1
586,607,1
260,253,1
734,735,1
737,727,1
277,285,1
724,746,1
106,97,1
40,3,1
630,705,1
464,466,1
44,709,1
33,39,1
237,223,1
433,410,1
560,563,1
23,16,1
423,429,1
634,626,1
452,417,1
79,56,1
497,487,1
616,627,1
161,155,1
124,118,1
551,540,1
807,785,1
605,593,1
336,325,1
504,496,1
538,542,1
511,524,1
433,458,1
308,519,1
7,14,1
243,229,1
70,71,1
31,14,1
308,467,1
33,18,1
334,335,1
502,488,1
28,18,1
650,701,1
449,411,1
780,784,1
81,92,1
552,583,1
55,118,1
289,274,1
290,273,1
476,460,1
433,474,1
609,588,1
146,142,1
353,344,1
775,759,1
800,232,1
76,52,1
804,786,1
439,443,1
432,469,1
511,530,1
461,471,1
284,313,1
753,765,1
689,679,1
679,620,1
812,780,1
449,673,1
432,407,1
28,39,1
502,486,1
440,505,1
497,495,1
743,747,1
752,753,1
22,36,1
382,391,1
527,521,1
504,505,1
650,658,1
375,381,1
618,626,1
597,600,1
187,193,1
377,363,1
633,624,1
504,484,1
406,425,1
282,284,1
270,312,1
71,50,1
385,395,1
28,30,1
104,109,1
88,96,1
229,343,1
439,431,1
778,794,1
296,282,1
578,568,1
419,426,1
60,407,1
408,428,1
337,354,1
401,413,1
105,92,1
442,422,1
643,620,1
741,747,1
65,75,1
544,534,1
401,406,1
438,424,1
706,704,1
668,678,1
48,60,1
603,593,1
526,535,1
3,15,1
195,207,1
356,343,1
178,179,1
478,466,1
526,520,1
256,250,1
20,234,1
697,44,1
576,567,1
406,414,1
93,95,1
130,121,1
807,784,1
607,405,1
442,405,1
71,53,1
46,58,1
408,422,1
811,798,1
747,727,1
190,172,1
445,418,1
808,793,1
560,564,1
667,622,1
776,801,1
377,369,1
187,166,1
374,380,1
444,428,1
71,74,1
799,808,1
613,598,1
341,347,1
754,763,1
396,386,1
270,244,1
294,281,1
444,422,1
592,597,1
175,181,1
404,410,1
385,399,1
241,264,1
552,571,1
113,114,1
770,752,1
506,496,1
807,811,1
707,630,1
448,450,1
164,193,1
480,483,1
512,520,1
39,12,1
144,151,1
455,458,1
724,725,1
503,485,1
136,115,1
576,569,1
67,79,1
442,428,1
684,685,1
226,793,1
310,313,1
386,390,1
593,594,1
167,171,1
742,749,1
288,285,1
48,55,1
802,234,1
526,583,1
745,730,1
406,429,1
0,23,1
779,796,1
588,592,1
448,431,1
27,3,1
443,409,1
93,94,1
500,445,1
669,688,1
745,733,1
809,786,1
294,279,1
184,183,1
43,54,1
229,262,1
579,564,1
659,653,1
110,122,1
21,17,1
146,106,1
194,590,1
640,624,1
522,527,1
684,620,1
442,411,1
589,596,1
555,568,1
23,4,1
37,6,1
433,457,1
526,529,1
7,13,1
478,460,1
256,260,1
449,695,1
76,81,1
799,800,1
260,244,1
644,667,1
257,264,1
531,547,1
103,55,1
255,258,1
111,46,1
637,627,1
789,793,1
604,608,1
647,650,1
550,539,1
561,563,1
604,596,1
58,61,1
799,792,1
695,677,1
8,17,1
31,13,1
506,493,1
498,482,1
547,540,1
147,161,1
612,588,1
44,683,1
343,344,1
261,254,1
706,702,1
451,408,1
780,797,1
442,407,1
649,657,1
124,73,1
491,495,1
291,285,1
548,538,1
603,595,1
276,282,1
603,612,1
273,274,1
234,793,1
446,451,1
44,694,1
524,518,1
30,3,1
637,643,1
688,672,1
581,563,1
132,134,1
0,12,1
672,678,1
356,270,1
147,153,2
780,792,1
38,12,1
136,46,1
451,431,1
82,67,1
132,120,1
720,722,2
738,742,1
192,165,1
240,224,1
509,521,1
611,597,1
706,630,1
724,749,1
752,755,1
799,787,1
65,81,1
315,309,1
229,224,1
766,772,1
72,49,1
506,484,1
709,711,1
88,90,1
168,180,1
441,454,1
79,51,1
24,40,1
199,209,1
751,759,1
248,250,1
164,50,1
455,473,1
499,503,1
259,264,1
108,91,1
638,625,1
726,180,1
579,568,1
185,188,1
452,454,1
45,90,1
458,463,1
433,403,1
25,31,1
26,38,1
511,518,1
482,496,1
642,617,1
666,652,1
195,196,1
502,494,1
225,240,1
547,551,1
81,55,2
438,418,1
476,461,1
332,334,1
754,761,1
213,217,1
771,763,1
247,253,1
498,502,1
795,797,1
638,617,1
374,367,1
583,567,1
109,87,1
270,307,1
659,658,1
20,31,1
750,775,1
675,683,1
524,528,1
166,182,1
31,39,1
395,391,1
440,419,1
436,416,1
439,450,1
437,411,1
407,414,1
576,561,1
290,270,1
803,791,1
73,79,1
486,489,1
610,194,1
670,684,1
152,106,2
138,105,1
455,457,1
443,411,1
769,753,1
297,280,1
324,273,1
437,442,1
149,143,1
608,592,1
301,307,1
440,443,1
24,38,1
383,388,1
803,790,1
124,129,1
737,736,1
129,117,1
432,404,1
114,118,1
405,425,1
699,700,1
636,626,1
668,683,1
24,36,1
149,141,1
544,537,1
258,237,1
290,297,1
229,235,1
294,325,1
342,349,1
546,534,1
564,565,1
650,703,1
412,420,1
20,24,1
293,327,1
34,11,1
95,96,1
169,172,1
445,505,1
196,217,1
113,119,1
103,60,1
21,23,1
583,569,1
38,17,1
616,625,1
778,270,1
259,250,1
642,631,1
510,502,1
402,507,1
588,590,1
440,431,1
68,54,1
81,60,2
63,64,1
416,417,1
358,342,1
305,312,1
811,788,1
525,529,1
289,283,1
127,136,1
756,763,1
440,404,1
44,70,1
669,674,1
227,319,1
439,418,1
184,187,1
234,223,1
501,488,1
32,35,1
520,521,1
802,270,1
782,785,1
800,786,1
437,422,1
437,428,1
406,423,1
648,651,1
341,346,1
564,570,1
160,162,1
608,590,1
652,658,1
475,459,1
497,493,1
512,529,1
92,98,1
238,222,1
444,411,1
57,60,1
68,46,1
33,14,1
359,350,1
451,420,1
718,721,2
414,425,1
702,624,1
440,420,1
449,620,1
72,45,1
268,246,1
133,136,1
801,807,1
807,789,1
6,16,1
103,122,1
298,316,1
529,308,1
449,679,1
574,562,1
744,180,1
663,703,1
777,809,1
363,312,1
671,44,1
132,122,1
805,809,1
770,764,1
255,254,1
787,796,1
524,517,1
298,280,1
558,563,1
730,733,1
444,409,1
22,33,1
229,245,1
417,426,1
63,73,1
707,704,1
110,55,1
60,418,1
502,514,1
653,655,1
692,675,1
557,566,1
230,222,1
129,73,1
412,419,1
357,359,1
622,625,1
257,345,1
450,417,1
192,167,1
265,252,1
318,312,1
106,156,1
293,280,2
195,215,1
418,427,1
482,484,1
137,145,2
193,176,1
30,34,1
81,122,1
30,15,1
556,562,1
407,429,1
498,504,1
411,413,1
692,683,1
71,77,1
227,312,1
458,464,1
729,731,1
442,409,1
379,366,1
408,411,1
232,790,1
174,180,1
21,12,1
107,87,1
432,433,2
72,80,1
194,203,1
499,489,1
338,354,1
172,181,1
164,176,1
25,4,1
356,349,1
262,251,1
477,471,1
412,431,1
357,350,1
292,295,1
614,639,1
808,788,1
436,424,1
606,591,1
743,736,1
477,463,1
337,338,1
427,429,1
188,176,1
454,194,1
777,270,1
432,420,1
689,691,1
69,46,1
152,140,1
633,641,1
261,269,1
356,351,1
347,350,1
136,120,1
575,565,1
231,222,1
549,539,1
400,392,1
449,413,1
30,42,1
7,10,1
479,457,1
687,675,1
689,449,1
762,764,1
445,489,1
6,15,1
87,100,1
362,367,1
448,419,1
799,801,1
516,517,1
500,495,1
432,461,1
2,14,1
331,370,1
229,271,1
442,444,1
257,369,1
475,465,1
808,795,1
448,420,1
588,598,1
637,617,1
345,347,1
335,329,1
295,323,1
214,216,1
187,169,1
442,449,1
438,443,1
301,308,1
597,542,1
191,183,1
799,784,1
265,267,1
64,65,1
434,409,1
452,407,1
604,591,1
70,73,1
577,582,1
81,85,1
173,178,1
145,162,1
290,275,1
45,51,1
445,407,1
767,759,1
522,521,1
557,563,1
57,58,1
49,56,1
422,426,1
42,7,1
694,672,1
314,307,1
218,222,1
413,422,1
714,719,2
756,761,1
42,11,1
413,428,1
24,41,1
729,732,1
450,430,1
165,52,1
21,26,1
730,732,1
242,252,1
345,349,1
593,596,1
35,8,1
111,125,1
260,270,1
318,307,1
246,247,1
747,180,1
257,260,1
617,627,1
746,733,1
132,55,1
48,57,1
564,567,1
88,93,1
362,380,1
622,657,1
190,191,1
659,662,1
255,244,1
590,594,1
528,515,1
101,102,1
442,412,1
497,506,1
575,555,1
249,251,1
126,130,1
441,449,1
480,490,1
147,152,2
269,249,1
432,419,1
270,300,1
29,7,1
32,36,1
66,69,1
167,170,1
676,681,1
636,705,1
214,194,1
452,416,1
382,397,1
564,569,1
25,16,1
184,177,1
456,459,1
452,405,1
743,745,1
63,71,1
448,404,1
144,155,1
638,619,1
49,50,1
229,220,1
334,336,1
438,431,1
551,539,1
435,403,1
256,261,1
752,754,1
780,790,1
398,386,1
439,419,1
616,617,1
408,409,1
575,572,1
47,96,1
60,183,1
773,754,1
605,611,1
241,220,1
497,500,1
439,404,1
359,313,1
614,615,1
772,775,1
522,467,1
777,781,1
385,392,1
345,351,1
258,259,1
553,562,1
641,625,1
503,194,1
691,672,1
737,743,1
50,59,1
433,464,1
365,370,1
612,600,1
82,63,1
499,488,1
745,765,1
497,402,1
29,2,1
508,494,1
807,810,1
441,444,1
634,635,1
23,13,1
28,13,1
541,543,1
449,406,1
383,400,1
643,617,1
26,41,1
109,96,1
127,55,1
514,518,1
751,771,1
211,217,1
106,100,1
449,694,1
457,458,1
1,9,1
228,229,1
479,458,1
745,759,1
643,625,1
109,81,1
257,250,1
86,60,1
696,705,1
690,692,1
502,516,1
436,450,1
634,623,1
710,699,1
341,349,1
481,502,1
676,679,1
714,715,2
602,598,1
225,20,1
240,221,1
26,36,1
76,49,1
130,123,1
668,690,1
401,409,1
218,226,1
480,488,1
295,300,1
124,126,1
605,607,1
788,790,1
446,414,1
137,157,1
512,523,1
767,755,1
726,729,1
445,404,1
191,177,1
264,246,1
403,414,1
423,427,1
270,286,1
404,427,1
366,369,1
634,717,2
136,122,1
528,529,1
671,682,1
769,755,1
455,474,1
63,66,1
668,674,1
787,791,1
232,786,1
198,200,1
439,420,1
757,763,1
260,241,1
159,106,1
378,372,1
508,486,1
257,363,1
163,166,1
270,251,1
426,431,1
531,544,1
112,115,1
755,756,1
742,732,1
194,60,2
243,263,1
0,5,1
748,729,1
514,521,1
432,460,1
676,620,1
441,412,1
290,278,1
26,40,1
84,86,1
420,429,1
267,271,1
439,423,1
499,490,1
438,450,1
662,664,1
187,178,1
321,294,1
32,41,1
586,405,1
244,250,1
466,471,1
777,794,1
166,52,1
270,277,1
610,598,1
65,72,1
447,423,1
384,394,1
666,657,1
555,573,1
634,638,1
453,408,1
42,2,1
440,421,1
402,506,1
659,652,1
24,37,1
806,784,1
85,47,1
385,398,1
127,122,1
176,60,1
507,492,1
457,470,1
438,448,1
500,440,1
194,648,1
103,96,1
81,54,1
606,597,1
284,285,1
416,421,1
451,421,1
776,792,1
628,632,1
432,472,1
561,566,1
644,665,1
690,693,1
196,199,1
323,330,1
575,560,1
263,247,1
710,650,1
339,355,1
69,70,1
770,773,1
322,325,1
641,617,1
779,270,1
33,10,1
582,563,1
85,98,1
29,8,1
432,431,1
341,344,1
270,304,1
445,405,1
163,191,1
743,746,1
342,346,1
432,443,1
437,452,1
28,10,1
777,782,1
110,120,1
166,180,1
300,306,1
186,172,1
414,431,1
784,786,1
200,205,1
486,496,1
446,429,1
81,58,1
39,5,1
109,89,1
454,412,1
553,568,1
807,797,1
47,62,1
529,514,1
65,52,1
25,13,1
35,2,1
802,794,1
618,630,1
270,254,1
191,172,1
805,794,1
215,197,1
436,448,1
125,103,1
713,715,2
405,407,1
578,579,1
315,303,1
809,781,1
687,680,1
236,219,1
49,53,1
23,39,1
253,254,1
433,463,1
344,351,1
474,467,1
226,240,1
530,520,1
801,795,1
315,313,1
414,420,1
509,308,1
31,18,1
801,809,1
92,95,1
549,541,1
751,757,1
36,12,1
605,590,1
94,96,1
643,632,1
724,733,1
163,50,1
218,227,1
525,308,1
145,160,1
295,310,1
354,360,1
580,568,1
103,93,1
71,78,1
317,280,1
401,411,1
504,487,1
150,154,2
509,511,1
10,11,1
9,12,1
162,106,1
478,468,1
72,76,1
128,134,1
562,571,1
22,9,1
195,205,1
2,18,1
768,761,1
699,702,1
662,663,1
60,431,1
3,4,1
684,688,1
728,729,1
166,177,1
133,134,1
401,432,1
135,120,1
316,306,1
459,468,1
392,536,1
295,277,1
24,26,1
111,55,1
73,49,1
554,583,1
586,601,1
227,241,1
328,280,1
243,246,1
101,99,1
201,206,1
551,536,1
776,807,1
276,277,1
675,682,1
641,627,1
19,34,1
476,466,1
126,113,1
544,539,1
359,366,1
784,791,1
500,493,1
92,94,1
795,798,1
53,62,1
274,285,1
535,538,1
242,260,1
689,677,1
13,14,1
800,803,1
481,482,1
374,364,1
256,320,1
163,193,1
445,420,1
771,760,1
218,224,1
194,495,1
309,311,1
577,557,1
769,754,1
124,114,1
275,286,1
0,32,1
678,620,1
19,15,1
333,280,1
315,318,1
129,51,1
396,458,1
708,710,1
380,371,1
167,175,1
338,344,1
136,55,1
292,275,1
153,155,1
341,343,1
283,285,1
510,467,1
25,35,1
128,113,1
385,393,1
147,156,1
465,471,1
75,47,1
44,69,1
440,418,1
20,35,1
218,235,1
414,419,1
706,621,1
211,199,1
258,246,1
484,489,1
582,566,1
248,252,1
334,370,1
644,656,1
65,61,1
787,798,1
587,592,1
317,313,1
110,125,1
116,117,1
270,782,1
20,3,1
120,121,1
611,601,1
804,232,1
19,37,1
160,154,1
432,466,1
32,17,1
481,504,1
483,491,1
406,427,1
396,457,1
444,406,1
262,265,1
257,252,1
751,754,1
261,253,1
624,627,1
150,105,2
726,731,1
329,280,1
101,97,1
397,386,1
757,761,1
633,628,1
378,367,1
250,252,1
448,451,1
239,221,1
506,487,1
603,607,1
553,526,1
68,60,1
203,208,1
439,451,1
748,733,1
359,345,1
75,59,1
242,250,1
14,16,1
163,168,1
210,216,1
85,88,1
455,470,1
256,267,1
404,60,1
447,427,1
396,473,1
403,429,1
432,448,1
433,447,1
759,764,1
582,564,1
749,735,1
124,130,1
443,406,1
432,450,1
546,392,1
523,518,1
35,11,1
667,658,1
259,252,1
185,193,1
745,728,1
445,419,1
766,759,1
110,111,1
750,767,1
512,522,1
145,147,2
453,412,1
806,785,1
295,304,1
558,566,1
75,45,1
146,139,1
613,591,1
249,253,1
299,313,1
707,621,1
342,351,1
20,34,1
438,420,1
31,10,1
44,701,1
102,60,1
724,741,1
436,418,1
611,588,1
111,122,1
788,795,1
78,48,1
144,150,2
462,467,1
434,411,1
560,571,1
55,119,1
226,20,1
545,542,1
36,17,1
603,611,1
7,18,1
567,571,1
673,677,1
374,372,1
575,570,1
56,62,1
445,451,1
237,246,1
443,413,1
512,516,1
737,180,1
709,698,1
130,135,1
637,625,1
157,152,1
636,638,1
485,486,1
68,58,1
684,674,1
700,646,1
262,245,1
403,423,1
68,55,1
45,61,1
607,601,1
615,640,1
9,17,1
778,809,1
503,504,1
738,731,1
715,716,2
754,760,1
292,278,1
384,400,1
383,459,1
81,86,1
361,377,1
741,742,1
671,694,1
805,270,1
758,760,1
659,655,1
339,354,1
412,418,1
299,318,1
553,580,1
744,733,1
130,61,1
271,246,1
449,408,1
396,470,1
437,406,1
424,427,1
44,689,1
488,494,1
806,792,1
194,427,1
260,269,1
579,573,1
649,658,1
802,808,1
294,284,1
316,300,1
444,413,1
407,425,1
230,219,1
42,8,1
739,748,1
411,422,1
328,329,1
335,324,1
233,236,1
411,428,1
532,533,1
499,505,1
724,734,1
432,424,1
706,700,1
773,758,1
356,350,1
689,693,1
635,628,1
315,786,1
469,471,1
342,343,1
85,94,1
438,419,1
662,658,1
643,619,1
401,422,1
172,179,1
441,194,1
375,370,1
535,543,1
633,639,1
49,51,1
434,428,1
137,143,1
172,50,1
32,12,1
434,422,1
750,758,1
688,690,1
28,14,1
581,566,1
124,119,1
291,292,1
768,769,1
615,631,1
401,442,1
29,11,1
255,253,1
807,783,1
664,666,1
631,632,1
433,435,1
634,721,2
75,80,1
659,667,1
412,424,1
482,487,1
790,792,1
585,568,1
768,763,1
85,95,1
287,291,1
137,141,1
197,209,1
405,429,1
317,318,1
20,15,1
24,17,1
27,42,1
41,16,1
458,462,1
523,528,1
668,672,1
633,629,1
449,682,1
228,231,1
418,429,1
533,392,1
529,513,1
578,580,1
289,279,1
437,413,1
405,414,1
660,622,1
438,404,1
201,209,1
402,453,1
233,239,1
262,248,1
479,470,1
34,109,1
434,442,1
689,692,1
226,802,1
408,413,1
530,519,1
769,762,1
802,787,1
313,369,1
78,57,1
35,7,1
333,329,1
232,795,1
333,327,1
194,598,1
295,301,1
184,60,1
523,519,1
587,590,1
133,113,1
166,183,1
243,259,1
583,571,1
701,646,1
192,171,1
26,33,1
401,428,1
213,209,1
77,54,1
219,222,1
638,627,1
43,68,1
219,220,1
378,380,1
497,440,1
338,346,1
782,786,1
4,16,1
139,140,1
70,50,1
240,220,1
663,700,1
57,62,1
326,329,1
602,606,1
256,317,1
671,695,1
293,328,1
36,38,1
335,336,1
432,418,1
306,311,1
694,674,1
144,145,2
114,51,1
386,387,1
698,699,1
400,391,1
619,623,1
194,201,1
5,6,1
280,281,1
69,60,1
218,219,1
228,237,1
20,27,1
282,283,1
195,211,1
267,245,1
502,508,1
684,678,1
776,808,1
336,329,1
43,78,1
671,679,1
22,42,1
335,327,1
416,430,1
70,56,1
242,264,1
486,487,1
354,358,1
591,597,1
298,284,1
225,230,1
20,14,1
131,122,1
83,90,1
64,51,1
414,429,1
667,647,1
609,610,1
454,405,1
402,427,1
636,699,1
319,311,1
498,483,1
268,270,1
329,330,1
676,682,1
445,425,1
500,489,1
605,608,1
434,415,1
579,556,1
315,256,1
290,286,1
21,2,1
382,398,1
210,215,1
102,34,1
294,329,1
165,167,1
117,122,1
522,502,1
270,247,1
451,417,1
758,763,1
463,469,1
794,797,1
80,56,1
707,650,1
250,254,1
270,308,1
259,261,1
781,792,1
133,55,1
634,637,1
526,536,1
21,11,1
315,304,1
574,557,1
587,605,1
402,495,1
434,436,1
401,403,1
73,58,1
532,543,1
578,562,1
63,107,1
291,277,1
621,704,1
0,20,1
406,420,1
775,762,1
384,396,1
81,99,1
125,136,1
270,245,1
437,444,1
80,50,1
373,374,1
81,46,2
352,341,1
450,412,1
6,14,1
444,430,1
376,379,1
497,492,1
105,93,1
268,269,1
699,621,1
603,604,1
550,526,1
454,416,1
513,467,1
334,329,1
663,712,1
394,390,1
589,590,1
785,798,1
430,431,1
803,810,1
659,665,1
103,67,1
210,206,1
695,679,1
750,768,1
352,350,1
479,463,1
131,120,1
107,95,1
174,178,1
103,85,1
148,140,1
516,521,1
800,791,1
155,152,1
67,108,1
751,765,1
613,596,1
590,598,1
510,527,1
766,771,1
501,194,1
34,12,1
458,465,1
108,90,1
177,182,1
117,120,1
293,331,1
670,675,1
314,308,1
582,561,1
621,630,2
80,54,1
366,372,1
168,171,1
169,173,1
128,55,1
200,206,1
265,251,1
728,180,1
31,37,1
107,94,1
710,703,1
194,170,1
67,34,1
799,788,1
686,678,1
437,441,1
284,310,1
808,792,1
260,247,1
706,650,1
0,29,1
238,219,1
785,797,1
12,15,1
289,294,1
706,721,2
644,649,1
701,624,1
682,705,1
63,87,1
165,175,1
175,60,1
195,214,1
499,493,1
574,575,1
639,620,1
43,51,1
748,727,1
434,430,1
498,488,1
681,630,1
194,200,1
23,34,1
187,191,1
263,251,1
713,720,2
803,811,1
427,431,1
477,468,1
730,731,1
290,293,1
581,585,1
376,368,1
432,415,1
695,681,1
218,230,1
605,596,1
776,234,1
500,503,1
767,754,1
44,54,1
461,465,1
59,61,1
133,122,1
440,408,1
667,646,1
771,758,1
406,419,1
402,440,2
64,50,1
129,131,1
395,398,1
2,16,1
712,646,1
84,92,1
697,663,1
768,775,1
109,93,1
345,346,1
545,547,1
468,472,1
560,568,1
161,156,1
624,703,1
615,636,1
287,273,1
232,221,1
216,198,1
317,302,1
596,181,1
258,251,1
812,781,1
315,300,1
452,194,1
23,3,1
488,496,1
782,792,1
131,55,1
508,485,1
758,761,1
10,17,1
412,421,1
21,7,1
290,276,1
234,239,1
779,793,1
760,763,1
448,425,1
644,657,1
0,8,1
295,303,1
63,65,1
194,657,1
770,774,1
684,677,1
773,775,1
437,449,1
767,772,1
299,309,1
691,677,1
403,418,1
126,134,1
352,356,1
403,424,1
212,213,1
445,485,1
502,491,1
627,632,1
636,650,1
184,185,1
442,406,1
420,425,1
766,762,1
10,12,1
749,730,1
185,50,1
353,345,1
335,280,1
502,520,1
32,5,1
810,792,1
47,49,1
805,234,1
54,62,1
511,308,1
180,735,1
173,50,1
552,557,1
358,341,1
257,350,1
124,117,1
42,10,1
255,252,1
42,18,1
81,97,1
290,296,1
194,175,1
615,621,1
638,618,1
767,753,1
185,168,1
446,427,1
184,182,1
365,369,1
584,557,1
783,787,1
533,537,1
438,451,1
297,286,1
485,494,1
527,529,1
69,62,1
258,266,1
237,254,1
127,112,1
225,239,1
381,369,1
591,592,1
295,302,1
436,451,1
790,794,1
364,369,1
606,608,1
160,105,1
750,763,1
697,711,1
707,699,1
261,241,1
80,53,1
67,86,1
608,598,1
112,116,1
528,513,1
617,623,1
732,736,1
669,671,1
34,5,1
589,592,1
611,405,1
298,295,1
807,795,1
687,676,1
786,794,1
70,51,1
64,56,1
802,796,1
44,46,1
70,61,1
442,415,1
317,320,1
194,649,1
229,221,1
602,542,1
37,14,1
450,423,1
772,774,1
607,608,1
808,784,1
242,267,1
437,412,1
44,663,1
225,233,1
548,549,1
752,756,1
642,630,1
82,90,1
701,681,1
126,135,1
88,92,1
164,184,1
460,467,1
614,618,1
381,363,1
384,387,1
63,75,1
695,673,1
769,760,1
669,684,1
211,209,1
133,120,1
267,268,1
449,423,1
418,425,1
432,421,1
539,542,1
776,780,1
33,6,1
29,17,1
382,383,1
52,57,1
210,194,1
434,454,1
484,495,1
297,278,1
34,17,1
732,180,1
410,427,1
102,99,1
473,460,1
663,651,1
696,663,1
607,591,1
158,152,1
194,174,1
697,710,1
640,628,1
404,408,1
739,730,1
270,343,1
312,370,1
754,756,1
6,18,1
383,433,1
287,282,1
211,206,1
810,780,1
159,161,1
529,518,1
19,31,1
361,372,1
439,426,1
435,411,1
683,620,1
69,58,1
234,798,1
243,251,1
70,77,1
405,427,1
24,25,1
165,177,1
153,156,1
134,122,1
532,541,1
63,52,1
227,305,1
342,344,1
742,729,1
512,514,1
432,439,1
502,529,1
671,681,1
170,172,1
609,589,1
508,496,1
724,738,1
443,194,1
693,672,1
403,431,1
176,182,1
454,421,1
655,658,1
0,2,1
227,234,1
227,303,1
204,209,1
582,567,1
738,749,1
315,232,1
432,438,1
567,569,1
760,761,1
586,597,1
108,96,1
456,469,1
809,789,1
377,367,1
229,232,1
781,784,1
125,134,1
106,60,1
714,634,2
189,171,1
438,407,1
434,439,1
240,223,1
149,156,1
258,263,1
725,746,1
402,437,1
112,51,1
343,345,1
433,427,1
215,200,1
236,241,1
646,658,1
748,749,1
504,445,1
22,25,1
547,548,1
65,47,1
373,365,1
626,628,1
761,763,1
737,726,1
63,89,1
505,485,1
51,120,1
327,329,1
664,654,1
0,19,1
436,443,1
443,444,1
526,521,1
755,761,1
65,80,1
641,631,1
688,689,1
103,132,1
110,132,1
374,369,1
808,798,1
789,791,1
218,239,1
775,757,1
262,249,1
445,496,1
155,156,1
509,529,1
165,170,1
380,368,1
438,425,1
666,649,1
447,429,1
45,53,1
81,96,1
19,4,1
124,116,1
318,305,1
2,13,1
169,60,1
492,494,1
268,253,1
450,194,1
659,656,1
663,702,1
699,682,1
317,305,1
91,93,1
473,472,1
690,676,1
65,59,1
686,688,1
196,205,1
671,687,1
128,120,1
114,117,1
702,646,1
112,117,1
602,609,1
778,781,1
436,431,1
774,757,1
228,238,1
615,620,1
225,223,1
33,37,1
805,780,1
555,563,1
634,641,1
73,122,1
39,8,1
435,409,1
712,703,1
801,802,1
663,194,1
106,155,1
645,648,1
445,484,1
697,698,1
13,16,1
199,205,1
263,267,1
700,703,1
70,74,1
636,623,1
256,308,1
273,329,1
443,449,1
614,622,1
436,420,1
420,423,1
37,13,1
196,214,1
305,308,1
574,570,1
548,540,1
740,742,1
670,680,1
333,324,1
709,704,1
607,596,1
803,804,1
234,784,1
45,56,1
439,417,1
635,622,1
66,80,1
165,183,1
289,284,1
696,711,1
497,485,1
20,39,1
185,191,1
806,790,1
316,227,1
444,194,1
361,364,1
31,6,1
461,467,1
259,271,1
129,116,1
101,100,1
186,191,1
435,446,1
709,630,1
706,699,1
805,808,1
265,266,1
490,496,1
669,683,1
409,410,1
194,197,1
681,704,1
638,621,1
318,302,1
526,557,1
382,395,1
113,51,1
396,463,1
592,405,1
660,646,1
21,8,1
115,122,1
167,174,1
6,10,1
446,423,1
616,631,1
109,95,1
38,1,1
295,305,1
93,100,1
788,789,1
266,249,1
780,782,1
24,5,1
447,414,1
64,78,1
197,208,1
525,521,1
799,782,1
134,55,1
189,181,1
811,783,1
63,106,1
671,673,1
48,54,1
67,58,1
161,152,1
607,612,1
164,186,1
479,464,1
102,86,1
558,568,1
193,60,1
563,567,1
63,81,2
713,634,2
803,783,1
229,360,1
582,569,1
46,48,1
297,275,1
695,620,1
105,87,1
606,596,1
725,745,1
725,740,1
474,456,1
563,569,1
0,11,1
383,456,1
575,585,1
435,422,1
435,428,1
513,308,1
622,631,1
626,629,1
270,793,1
706,717,2
807,782,1
780,794,1
766,757,1
165,171,1
452,412,1
69,55,1
620,632,1
396,399,1
261,270,1
77,52,1
805,787,1
105,140,1
190,176,1
480,505,1
46,57,1
73,60,1
607,593,1
611,542,1
213,208,1
810,787,1
738,729,1
102,108,1
109,94,1
264,245,1
86,100,1
409,415,1
241,271,1
314,316,1
215,216,1
782,784,1
243,266,1
257,351,1
402,60,1
634,639,1
198,201,1
272,292,1
436,419,1
566,568,1
66,45,1
534,538,1
724,730,1
377,380,1
341,342,1
435,442,1
449,452,1
412,416,1
789,797,1
508,484,1
537,540,1
350,351,1
440,416,1
551,535,1
237,244,1
433,437,1
200,208,1
433,440,1
477,456,1
229,222,1
44,698,1
81,62,1
226,797,1
565,569,1
776,787,1
777,793,1
128,122,1
616,640,1
227,302,1
41,6,1
401,447,1
437,194,1
711,705,1
37,39,1
105,96,1
287,270,1
45,50,1
753,759,1
78,61,1
26,9,1
524,308,1
696,700,1
373,378,1
40,42,1
615,637,1
73,55,2
473,466,1
3,16,1
316,335,1
396,464,1
66,59,1
70,53,1
256,247,1
314,280,1
215,201,1
620,630,1
661,666,1
438,405,1
451,416,1
243,256,1
347,351,1
218,236,1
130,113,1
66,47,1
354,344,1
356,360,1
396,392,1
374,363,1
745,731,1
436,404,1
776,800,1
169,176,1
686,674,1
210,207,1
80,51,1
565,567,1
295,282,1
39,2,1
228,219,1
379,368,1
201,208,1
352,354,1
24,42,1
212,202,1
522,529,1
0,21,1
484,493,1
441,409,1
407,419,1
662,649,1
453,406,1
229,351,1
464,469,1
352,340,1
682,704,1
207,200,1
453,413,1
78,46,1
259,267,1
604,598,1
615,630,1
511,513,1
462,471,1
82,105,1
403,419,1
44,58,1
221,222,1
665,648,1
580,564,1
43,74,1
144,159,1
577,562,1
333,295,1
616,636,1
806,786,1
235,241,1
19,13,1
54,59,1
177,183,1
603,613,1
671,449,1
445,429,1
574,565,1
269,271,1
278,285,1
125,113,1
403,404,1
314,311,1
257,380,1
66,72,1
44,707,1
331,280,1
766,753,1
43,70,1
682,630,1
328,330,1
445,414,1
43,53,1
77,59,1
171,50,1
478,459,1
315,803,1
47,50,1
138,154,1
111,113,1
47,91,1
68,57,1
5,10,1
160,158,1
403,408,1
257,261,1
519,467,1
338,345,1
30,41,1
26,42,1
416,426,1
587,596,1
326,330,1
789,794,1
366,367,1
265,245,1
193,173,1
467,470,1
713,723,1
203,206,1
25,15,1
137,142,1
260,254,1
263,264,1
77,47,1
105,89,1
463,466,1
20,236,1
405,60,1
671,691,1
644,662,1
504,489,1
748,180,1
581,569,1
663,647,1
599,601,1
554,562,1
434,194,1
468,469,1
63,76,1
295,309,1
553,556,1
526,540,1
589,598,1
486,493,1
149,161,1
527,502,1
696,706,1
640,629,1
241,245,1
402,429,1
75,76,1
47,56,1
474,465,1
727,180,1
46,60,1
281,282,1
550,543,1
21,32,1
401,435,1
446,60,1
295,270,2
586,609,1
685,678,1
111,115,1
237,253,1
257,367,1
438,445,1
607,611,1
403,420,1
204,206,1
376,257,1
195,194,1
522,525,1
506,495,1
105,81,1
87,95,1
229,249,1
118,123,1
581,567,1
27,36,1
239,223,1
725,748,1
696,702,1
178,60,1
452,415,1
434,441,1
646,649,1
204,208,1
743,726,1
279,282,1
35,17,1
74,61,1
782,797,1
583,585,1
475,472,1
264,265,1
433,60,1
216,203,1
194,403,1
436,425,1
452,430,1
491,493,1
437,446,1
641,621,1
810,784,1
706,707,1
217,194,1
574,555,1
645,663,1
30,36,1
230,240,1
319,284,1
526,582,1
783,797,1
558,559,1
320,306,1
77,45,1
318,270,1
454,417,1
362,363,1
382,399,1
87,94,1
246,250,1
444,412,1
444,449,1
753,757,1
77,80,1
41,14,1
610,589,1
618,627,1
226,239,1
358,347,1
560,573,1
554,582,1
21,24,1
105,106,3
293,296,1
586,588,1
546,550,1
3,13,1
127,115,1
138,149,1
574,572,1
556,570,1
39,11,1
433,408,1
274,276,1
775,753,1
133,46,1
150,158,1
540,542,1
608,596,1
439,416,1
611,600,1
2,4,1
402,414,1
227,237,1
147,150,2
673,675,1
29,5,1
352,355,1
194,392,1
621,626,1
294,336,1
93,98,1
564,572,1
298,311,1
582,585,1
145,151,1
394,400,1
510,517,1
640,627,1
192,175,1
354,343,1
331,373,1
43,77,1
575,567,1
575,569,1
432,416,1
501,504,1
550,533,1
375,376,1
810,794,1
102,97,1
428,430,1
434,412,1
211,213,1
780,795,1
0,7,1
532,392,1
708,703,1
799,786,1
69,48,1
365,372,1
44,690,1
256,284,1
67,55,1
181,182,1
207,208,1
355,350,1
450,428,1
689,676,1
610,600,1
694,678,1
261,246,1
751,772,1
497,507,1
554,557,1
65,45,1
811,797,1
27,40,1
771,775,1
780,788,1
479,468,1
29,37,1
441,408,1
777,790,1
358,360,1
207,201,1
811,785,1
270,276,1
167,173,1
357,343,1
128,136,1
227,310,1
621,701,1
762,765,1
263,250,1
731,735,1
293,330,1
164,182,1
474,478,1
556,565,1
29,12,1
156,157,1
662,657,1
257,271,1
60,412,1
171,176,1
780,787,1
264,248,1
238,240,1
756,758,1
638,631,1
249,254,1
341,351,1
613,589,1
270,311,1
109,88,1
528,521,1
612,597,1
256,252,1
642,621,1
84,85,1
605,601,1
315,791,1
118,121,1
575,577,1
617,622,1
806,795,1
463,472,1
367,371,1
616,621,1
166,169,1
450,422,1
35,12,1
617,618,1
380,365,1
228,234,1
445,493,1
382,392,1
109,47,1
593,181,1
20,13,1
103,92,1
137,106,2
320,308,1
602,588,1
778,234,1
769,756,1
64,53,1
773,763,1
687,677,1
113,118,1
779,791,1
288,283,1
316,329,1
108,109,1
474,477,1
280,284,2
23,31,1
767,762,1
454,426,1
443,412,1
619,622,1
621,705,1
603,405,1
536,541,1
574,560,1
800,788,1
39,7,1
624,646,1
552,579,1
129,115,1
505,496,1
242,261,1
475,466,1
28,16,1
587,608,1
670,677,1
243,257,1
566,573,1
699,681,1
724,731,1
749,726,1
473,461,1
68,48,1
218,220,1
692,676,1
591,601,1
529,519,1
407,420,1
42,6,1
229,266,1
226,798,1
603,194,1
332,325,1
138,148,1
176,183,1
448,414,1
101,98,1
771,773,1
339,341,1
526,579,1
738,741,1
74,80,1
434,444,1
755,763,1
81,113,1
128,46,1
69,57,1
73,120,1
585,573,1
373,334,1
115,61,1
210,211,1
506,485,1
232,807,1
227,301,1
451,454,1
9,11,1
46,55,2
723,722,1
263,245,1
638,640,1
344,349,1
146,140,1
499,445,1
744,731,1
505,484,1
301,312,1
501,482,1
507,495,1
514,308,1
445,415,1
738,734,1
65,69,1
47,51,1
681,705,1
360,350,1
109,45,1
67,60,2
509,513,1
457,462,1
434,449,1
383,467,1
697,636,1
243,265,1
115,120,1
581,561,1
411,412,1
159,157,1
377,372,1
737,747,1
604,595,1
64,73,1
144,156,1
595,596,1
195,204,1
79,54,1
33,11,1
448,429,1
605,591,1
145,153,2
435,452,1
21,29,1
501,490,1
105,107,1
740,732,1
508,194,1
556,572,1
131,46,1
475,460,1
440,454,1
0,28,1
502,507,1
498,194,1
51,61,2
229,251,1
645,664,1
419,430,1
74,59,1
803,806,1
87,98,1
445,487,1
243,237,1
189,175,1
773,761,1
636,622,1
443,446,1
497,484,1
644,655,1
19,39,1
91,96,1
620,621,1
295,273,2
746,736,1
163,188,1
495,496,1
800,796,1
19,16,1
192,170,1
750,761,1
70,78,1
435,413,1
772,758,1
264,266,1
234,788,1
299,310,1
75,61,1
702,703,1
38,40,1
608,591,1
219,224,1
333,326,1
473,469,1
81,100,1
76,53,1
361,363,1
605,405,1
810,788,1
105,139,1
194,410,1
125,46,1
44,711,1
210,204,1
51,57,1
74,45,1
127,113,1
549,526,1
28,31,1
407,431,1
213,206,1
548,544,1
23,15,1
46,120,1
781,786,1
767,771,1
396,462,1
618,623,1
801,793,1
291,334,1
556,560,1
229,256,1
660,647,1
166,178,1
66,61,1
129,133,1
101,84,1
6,13,1
483,492,1
546,535,1
30,9,1
83,105,1
525,518,1
435,406,1
201,202,1
289,290,1
68,79,1
81,93,1
85,89,1
196,215,1
150,153,2
377,364,1
162,157,1
75,52,1
634,630,1
774,759,1
480,503,1
555,559,1
551,526,1
76,77,1
258,248,1
696,707,1
441,442,1
258,245,1
308,313,1
440,417,1
272,285,1
442,413,1
64,77,1
107,89,1
778,780,1
14,15,1
241,224,1
41,18,1
256,311,1
305,307,1
456,466,1
512,527,1
227,300,1
498,499,1
707,705,1
168,181,1
359,346,1
243,248,1
340,343,1
737,739,1
25,3,1
106,86,1
134,120,1
352,349,1
72,62,1
187,50,1
24,35,1
766,755,1
241,266,1
137,139,1
20,241,1
809,783,1
527,467,1
113,115,1
299,303,1
109,98,1
187,168,1
237,270,1
368,313,1
24,29,1
811,812,1
263,266,1
457,463,1
214,197,1
738,733,1
41,10,1
129,112,1
531,542,1
712,701,1
73,48,1
742,733,1
213,202,1
690,680,1
74,47,1
175,179,1
46,122,1
308,520,1
110,134,1
747,736,1
812,787,1
267,249,1
711,650,1
138,147,1
299,301,1
27,9,1
270,348,1
119,122,1
126,121,1
265,271,1
316,336,1
497,496,1
438,414,1
810,795,1
359,342,1
592,601,1
402,493,1
441,428,1
441,422,1
624,629,1
30,35,1
229,219,1
402,408,1
270,284,2
340,342,1
257,354,1
237,269,1
615,632,1
603,601,1
43,50,1
194,198,1
255,247,1
442,452,1
28,4,1
107,81,1
197,202,1
33,7,1
319,280,1
670,686,1
196,207,1
395,397,1
78,58,1
194,589,1
361,369,1
456,460,1
242,271,1
106,108,1
714,723,1
525,528,1
745,746,1
706,705,1
453,409,1
87,88,1
86,97,1
661,650,1
22,24,1
505,194,1
639,629,1
104,90,1
189,167,1
458,470,1
480,489,1
726,733,1
25,34,1
232,792,1
176,177,1
354,346,1
270,344,1
106,34,1
383,194,1
218,233,1
439,421,1
696,636,1
232,235,1
609,594,1
36,1,1
777,805,1
527,514,1
271,248,1
211,208,1
293,286,1
270,252,1
75,81,1
757,758,1
455,468,1
596,599,1
502,483,1
258,265,1
44,672,1
294,283,1
501,502,1
226,806,1
5,18,1
315,306,1
778,808,1
575,561,1
165,182,1
745,773,1
387,391,1
591,405,1
264,251,1
359,368,1
586,606,1
553,573,1
323,327,1
64,74,1
811,789,1
524,513,1
76,56,1
38,41,1
456,461,1
612,542,1
163,186,1
558,562,1
317,301,1
639,628,1
181,601,1
578,556,1
668,689,1
266,268,1
231,219,1
701,702,1
363,371,1
475,461,1
189,179,1
184,172,1
50,52,2
663,646,2
486,495,1
147,155,1
552,554,1
593,599,1
246,252,1
536,543,1
194,423,1
353,357,1
581,558,1
578,573,1
412,426,1
709,621,1
752,760,1
786,787,1
369,372,1
526,516,1
432,459,1
802,791,1
576,585,1
659,651,1
696,621,1
485,487,1
200,209,1
775,755,1
507,493,1
378,370,1
747,729,1
225,220,1
806,782,1
711,699,1
793,795,1
106,91,1
43,56,1
270,350,1
337,345,1
347,349,1
241,268,1
82,109,1
27,41,1
412,417,1
456,472,1
659,194,1
331,376,1
646,657,1
550,541,1
314,317,1
257,355,1
52,172,1
144,152,2
382,393,1
7,16,1
805,790,1
292,280,1
382,385,1
417,430,1
49,62,1
109,92,1
25,37,1
376,313,1
788,792,1
401,423,1
151,140,1
447,425,1
217,204,1
575,562,1
234,795,1
241,251,1
451,426,1
426,429,1
739,743,1
226,230,1
552,582,1
644,652,1
138,144,1
440,426,1
37,18,1
672,674,1
624,628,1
523,308,1
136,113,1
232,785,1
294,330,1
479,462,1
545,539,1
256,245,1
700,701,1
83,109,1
267,251,1
185,186,1
35,5,1
810,270,1
194,492,1
229,349,1
362,369,1
441,411,1
323,280,1
20,16,1
698,650,1
343,347,1
47,53,1
227,304,1
322,294,1
174,179,1
105,142,1
669,686,1
616,637,1
37,10,1
778,800,1
634,720,2
406,415,1
60,180,1
103,134,1
124,51,1
306,309,1
373,369,1
126,123,1
192,174,1
294,335,1
298,317,1
778,787,1
476,459,1
357,345,1
354,270,1
625,629,1
85,87,1
212,217,1
395,400,1
615,626,1
277,281,1
441,420,1
413,421,1
265,253,1
624,630,2
111,135,1
402,428,1
454,419,1
315,809,1
263,268,1
298,299,1
375,313,1
360,348,1
401,430,1
670,690,1
801,781,1
526,502,1
564,571,1
293,276,1
226,234,2
45,48,1
638,626,1
259,253,1
164,177,1
227,295,1
357,344,1
320,295,1
360,340,1
107,109,1
193,168,1
357,349,1
256,244,1
772,756,1
163,52,1
552,580,1
188,191,1
193,50,1
740,727,1
526,560,1
409,427,1
578,571,1
808,811,1
150,160,1
530,515,1
10,14,1
63,85,1
137,140,1
654,655,1
288,279,1
808,782,1
550,536,1
291,281,1
353,351,1
316,323,1
34,39,1
608,609,1
115,123,1
52,169,1
186,173,1
63,54,1
166,181,1
402,442,1
339,360,1
402,422,1
196,204,1
303,280,1
257,254,1
563,570,1
267,254,1
737,735,1
739,740,1
525,519,1
185,187,1
520,467,1
21,6,1
30,1,1
138,142,1
303,310,1
447,419,1
76,50,1
447,404,1
639,630,1
181,50,1
125,120,1
586,608,1
479,471,1
534,392,1
444,416,1
293,282,1
140,142,1
514,467,1
68,76,1
647,658,1
668,669,1
441,419,1
300,311,1
234,236,1
2,15,1
109,90,1
453,410,1
198,202,1
228,223,1
432,417,1
633,625,1
604,594,1
546,536,1
526,555,1
624,704,1
493,494,1
454,420,1
446,453,1
661,658,1
432,468,1
777,796,1
322,334,1
175,177,1
617,626,1
353,349,1
613,599,1
291,279,1
433,409,1
295,326,1
717,721,2
63,94,1
453,423,1
610,542,1
691,679,1
422,431,1
295,275,1
217,199,1
800,234,1
63,95,1
248,254,1
294,285,1
432,426,1
652,657,1
314,284,1
32,8,1
229,348,1
188,190,1
402,411,1
742,743,1
607,599,1
324,328,1
27,1,1
767,745,1
502,492,1
664,622,1
130,118,1
687,692,1
603,600,1
196,194,1
129,132,1
169,170,1
76,51,1
93,99,1
46,123,1
306,307,1
322,330,1
168,50,1
103,84,1
577,555,1
549,537,1
504,495,1
58,60,1
125,122,1
408,416,1
804,808,1
234,794,1
192,169,1
615,618,1
802,788,1
8,9,1
132,133,1
577,572,1
69,75,1
163,180,1
650,681,1
406,416,1
795,796,1
514,517,1
646,650,2
687,693,1
396,398,1
481,489,1
193,177,1
313,371,1
504,440,1
66,54,1
454,404,1
421,430,1
227,231,1
455,479,1
522,517,1
60,96,1
580,557,1
708,621,1
288,281,1
743,732,1
357,351,1
437,453,1
22,15,1
435,441,1
194,415,1
101,85,1
436,414,1
564,566,1
447,420,1
115,121,1
81,91,1
298,314,1
623,628,1
434,407,1
440,194,2
526,538,1
112,61,1
807,790,1
67,109,1
227,229,1
433,478,1
528,520,1
229,252,1
583,584,1
42,16,1
311,312,1
633,617,1
449,453,1
225,241,1
548,535,1
724,726,1
7,8,1
442,403,1
68,62,1
435,444,1
783,795,1
785,787,1
411,430,1
150,106,2
339,347,1
804,787,1
147,151,1
164,52,1
274,282,1
781,789,1
287,296,1
228,241,1
605,597,1
19,18,1
185,182,1
19,30,1
43,66,1
439,444,1
501,486,1
778,802,1
523,527,1
554,568,1
23,25,1
268,254,1
804,234,1
419,420,1
205,206,1
446,410,1
29,40,1
561,567,1
400,386,1
242,241,1
575,582,1
555,564,1
52,178,1
438,429,1
54,61,1
760,764,1
336,328,1
645,649,1
193,183,1
138,106,1
188,174,1
666,646,1
771,753,1
244,254,1
3,14,1
70,62,1
216,209,1
37,12,1
577,565,1
165,166,1
711,646,1
169,174,1
47,95,1
445,430,1
612,601,1
577,564,1
358,359,1
373,368,1
510,529,1
234,241,1
164,183,1
256,307,1
436,429,1
202,209,1
769,775,1
678,680,1
124,128,1
159,152,1
261,251,1
34,14,1
73,113,1
589,405,1
584,585,1
227,228,1
803,781,1
38,6,1
81,90,1
497,508,1
121,123,1
549,534,1
435,449,1
304,311,1
771,755,1
67,105,1
25,9,1
2,3,1
565,568,1
402,494,1
162,158,1
433,411,1
561,569,1
359,312,1
474,469,1
512,526,1
63,72,1
289,285,1
243,262,1
64,80,1
441,443,1
787,794,1
473,478,1
41,7,1
316,334,1
447,431,1
266,246,1
154,142,1
334,328,1
441,431,1
750,756,1
37,17,1
724,737,1
808,789,1
526,572,1
315,312,1
125,55,1
76,78,1
453,403,1
295,312,1
451,427,1
608,588,1
434,405,1
257,358,1
660,656,1
333,291,1
127,123,1
533,543,1
745,748,1
47,94,1
356,341,1
768,758,1
586,605,1
684,690,1
703,705,1
399,387,1
809,787,1
377,312,1
435,412,1
810,785,1
680,683,1
687,449,1
400,194,1
439,412,1
270,250,1
526,565,1
663,705,1
349,350,1
361,371,1
553,558,1
77,62,1
287,293,1
449,410,1
261,266,1
29,36,1
27,35,1
194,597,1
257,258,1
57,61,1
388,389,1
569,571,1
766,773,1
91,100,1
650,700,1
510,308,1
731,736,1
710,712,1
450,451,1
296,285,1
744,736,1
40,10,1
305,310,1
355,346,1
234,780,1
497,491,1
398,387,1
622,626,1
302,308,1
687,691,1
31,8,1
403,417,1
500,501,1
481,503,1
579,583,1
60,62,1
315,319,1
746,731,1
135,113,1
137,138,1
739,735,1
551,543,1
111,123,1
805,798,1
51,56,1
126,120,1
318,310,1
582,560,1
527,528,1
589,601,1
684,683,1
170,179,1
275,284,1
777,801,1
499,496,1
577,570,1
105,94,1
320,307,1
40,18,1
186,188,1
363,369,1
499,506,1
10,18,1
133,135,1
433,442,1
433,422,1
64,59,1
752,763,1
163,179,1
582,555,1
604,613,1
749,736,1
273,285,1
334,366,1
256,319,1
44,621,1
364,372,1
232,270,1
659,647,1
726,732,1
448,427,1
187,165,1
375,366,1
443,417,1
779,797,1
288,274,1
804,780,1
576,571,1
396,397,1
432,454,1
63,98,1
692,620,1
134,73,1
677,683,1
260,237,1
585,566,1
113,61,1
592,593,1
194,658,1
697,621,1
19,10,1
582,572,1
262,271,1
437,403,1
44,702,1
373,379,1
161,154,1
44,55,1
188,170,1
439,408,1
437,415,1
473,477,1
35,18,1
243,268,1
86,91,1
691,620,1
449,403,1
810,782,1
751,752,1
604,194,1
105,95,1
433,428,1
352,351,1
515,516,1
434,447,1
641,620,1
480,498,1
447,451,1
247,250,1
800,808,1
110,127,1
555,571,1
392,537,1
741,730,1
711,701,1
106,142,1
128,132,1
475,478,1
67,78,1
295,278,1
150,142,1
194,208,1
414,417,1
420,424,1
365,313,1
500,485,1
154,106,2
335,323,1
502,521,1
333,334,1
588,597,1
232,797,1
272,293,1
24,7,1
603,597,1
676,680,1
455,475,1
5,14,1
756,762,1
779,801,1
684,672,1
455,476,1
34,13,1
493,496,1
439,449,1
551,533,1
635,642,1
63,47,2
323,324,1
272,296,1
366,370,1
233,235,1
781,797,1
0,9,1
301,310,1
374,377,1
809,784,1
558,569,1
625,628,1
401,436,1
531,551,1
41,11,1
580,582,1
751,764,1
44,636,1
47,98,1
13,15,1
110,61,1
554,576,1
1,8,1
5,13,1
442,410,1
291,274,1
30,33,1
127,135,1
35,10,1
69,76,1
406,421,1
447,408,1
474,461,1
226,808,1
108,92,1
22,34,1
270,788,1
265,269,1
771,762,1
27,33,1
770,759,1
662,653,1
767,769,1
450,425,1
212,209,1
84,93,1
220,222,1
467,471,1
792,796,1
414,426,1
22,35,1
558,567,1
69,81,1
144,146,1
234,787,1
28,34,1
64,47,1
226,800,1
64,45,1
584,562,1
299,300,1
648,649,1
439,441,1
194,404,1
33,2,1
106,93,1
544,392,1
607,181,1
358,349,1
487,492,1
663,666,1
791,793,1
450,408,1
226,787,1
352,270,1
616,630,1
396,471,1
131,136,1
44,60,1
184,186,1
24,34,1
436,445,1
195,206,1
808,810,1
194,419,1
503,489,1
806,797,1
31,7,1
32,42,1
547,549,1
294,328,1
256,253,1
337,357,1
416,425,1
292,282,1
73,62,1
184,179,1
552,568,1
292,276,1
401,454,1
443,426,1
109,85,1
383,397,1
42,13,1
148,139,1
232,794,1
339,340,1
563,572,1
227,238,1
287,286,1
724,744,1
449,683,1
661,194,1
19,14,1
126,122,1
322,291,1
299,304,1
405,410,1
241,249,1
21,35,1
45,49,1
272,290,1
33,8,1
63,45,2
582,584,1
134,112,1
31,2,1
47,59,1
415,428,1
211,202,1
30,40,1
52,176,1
291,330,1
692,678,1
132,115,1
541,542,1
359,270,1
659,646,1
338,343,1
415,422,1
257,348,1
661,651,1
357,270,1
159,156,1
509,526,1
60,425,1
337,348,1
188,189,1
380,366,1
84,90,1
634,723,1
307,280,1
641,642,1
296,280,1
270,297,1
272,286,1
672,677,1
499,500,1
755,758,1
63,59,1
112,118,1
290,292,1
316,305,1
750,754,1
699,701,1
102,105,1
234,808,1
785,794,1
168,176,1
68,72,1
675,620,1
752,761,1
106,139,1
432,436,1
445,194,2
617,632,1
743,735,1
19,27,1
257,244,1
104,92,1
167,169,1
7,11,1
567,572,1
47,88,1
691,695,1
633,627,1
66,79,1
523,467,1
563,565,1
256,312,1
332,280,1
242,270,1
277,283,1
580,571,1
812,782,1
437,410,1
77,60,1
165,178,1
643,626,1
397,391,1
551,392,1
635,627,1
332,316,1
666,647,1
44,706,1
72,73,1
171,178,1
441,404,1
648,657,1
604,610,1
356,347,1
315,805,1
781,785,1
82,102,1
801,806,1
197,206,1
799,781,1
175,182,1
194,496,1
46,121,1
509,514,1
232,791,1
255,267,1
800,787,1
77,55,1
650,655,1
359,344,1
412,430,1
130,73,1
575,557,1
242,269,1
497,490,1
587,591,1
473,465,1
582,570,1
134,118,1
236,237,1
178,183,1
116,120,1
274,280,1
51,53,1
150,139,1
291,335,1
3,10,1
440,482,1
567,570,1
63,80,1
166,50,1
90,92,1
742,726,1
229,250,1
582,565,1
3,18,1
776,809,1
189,172,1
383,471,1
24,28,1
87,91,1
194,650,1
667,656,1
295,331,1
43,73,1
69,52,1
591,598,1
319,306,1
365,366,1
709,682,1
299,256,1
128,112,1
323,273,1
500,507,1
226,782,1
258,249,1
29,33,1
352,347,1
523,530,1
758,759,1
497,501,1
535,536,1
660,665,1
499,484,1
102,109,1
166,168,1
332,333,1
480,494,1
440,430,1
20,6,1
194,484,1
763,765,1
622,632,1
291,283,1
229,260,1
442,453,1
456,467,1
264,268,1
316,326,1
435,194,1
194,489,1
662,652,1
444,417,1
804,782,1
111,112,1
63,88,1
233,224,1
536,538,1
750,766,1
636,700,1
270,798,1
194,387,1
433,477,1
41,2,1
22,3,1
767,764,1
214,198,1
608,601,1
31,11,1
621,627,1
332,327,1
439,194,1
451,60,1
82,83,1
44,64,1
112,114,1
557,562,1
73,136,1
441,418,1
668,684,1
741,745,1
231,224,1
230,224,1
512,517,1
74,62,1
125,128,1
272,270,1
624,626,1
806,798,1
316,291,1
671,620,1
177,50,1
448,60,1
475,477,1
417,428,1
105,47,1
638,630,1
810,790,1
437,60,1
261,245,1
531,535,1
235,239,1
711,712,1
612,590,1
270,281,1
248,253,1
44,678,1
750,760,1
214,209,1
223,224,1
615,638,1
199,202,1
257,253,1
499,402,1
71,57,1
236,238,1
559,561,1
480,194,1
334,313,1
67,50,1
776,270,1
35,14,1
191,50,1
757,762,1
633,634,1
170,180,1
450,431,1
72,77,1
625,627,1
334,330,1
110,131,1
232,241,1
749,728,1
480,402,1
82,86,1
783,784,1
270,340,1
308,309,1
319,295,1
408,417,1
500,508,1
60,93,1
302,307,1
373,375,1
581,565,1
778,779,1
152,154,2
188,167,1
545,526,1
698,681,1
191,193,1
434,453,1
555,566,1
641,624,1
83,88,1
50,58,1
232,782,1
746,748,1
207,197,1
473,456,1
295,286,1
552,584,1
769,761,1
745,764,1
546,540,1
403,416,1
639,626,1
480,499,1
11,18,1
554,580,1
166,179,1
356,344,1
257,312,1
216,217,1
800,801,1
605,588,1
512,515,1
438,440,1
306,308,1
708,630,1
741,735,1
192,194,1
295,297,1
773,752,1
257,340,1
581,570,1
106,107,1
63,92,1
718,719,2
131,113,1
454,424,1
454,418,1
72,74,1
226,241,1
194,485,1
105,157,1
640,632,1
650,702,1
295,307,1
343,349,1
395,390,1
583,557,1
282,286,1
358,344,1
229,247,1
362,376,1
745,752,1
444,426,1
191,168,1
164,194,1
245,248,1
650,653,1
25,42,1
408,426,1
498,494,1
710,646,1
807,793,1
165,169,1
238,241,1
219,221,1
409,414,1
602,605,1
804,794,1
577,571,1
602,600,1
246,251,1
482,493,1
449,60,1
315,320,1
507,494,1
419,424,1
554,526,1
327,328,1
436,446,1
380,313,1
532,536,1
511,467,1
671,672,1
124,131,1
740,729,1
402,413,1
784,794,1
192,166,1
556,558,1
570,573,1
343,351,1
432,430,1
226,794,1
105,143,1
35,37,1
608,405,1
708,704,1
111,121,1
232,780,1
293,273,2
315,270,2
670,685,1
203,205,1
443,454,1
666,194,1
782,796,1
244,251,1
584,567,1
584,569,1
789,795,1
148,142,1
527,518,1
300,284,1
737,742,1
194,588,1
610,588,1
489,495,1
316,320,1
261,265,1
405,599,1
124,133,1
26,15,1
94,100,1
810,791,1
174,50,1
635,618,1
69,49,1
194,420,1
257,359,2
272,287,1
663,630,1
39,9,1
112,119,1
318,280,1
82,99,1
383,478,1
263,271,1
229,340,1
740,735,1
497,488,1
498,486,1
489,496,1
375,378,1
226,780,1
469,470,1
340,351,1
457,469,1
599,600,1
660,194,1
671,685,1
411,426,1
22,4,1
144,141,1
526,467,1
661,665,1
28,15,1
664,658,1
288,284,1
108,93,1
687,620,1
322,328,1
618,622,1
634,636,1
67,51,1
734,736,1
770,772,1
247,252,1
553,583,1
666,651,1
144,143,1
261,248,1
39,41,1
267,247,1
425,428,1
745,774,1
105,88,1
338,339,1
145,155,1
420,421,1
451,414,1
102,90,1
401,417,1
335,328,1
584,561,1
767,765,1
0,36,1
402,406,1
370,371,1
727,729,1
45,91,1
447,448,1
786,792,1
10,16,1
131,134,1
91,92,1
196,211,1
44,79,1
16,17,1
288,290,1
734,180,1
707,709,1
697,704,1
74,75,1
451,429,1
134,51,1
766,768,1
700,682,1
210,203,1
438,427,1
742,180,1
515,521,1
383,477,1
230,235,1
195,216,1
217,205,1
188,175,1
663,708,1
292,273,1
304,308,1
481,505,1
53,55,1
691,682,1
436,427,1
769,763,1
160,155,1
359,371,1
685,672,1
35,39,1
83,47,1
809,270,1
237,247,1
499,440,1
709,681,1
103,113,1
231,235,1
443,405,1
107,90,1
773,764,1
66,57,1
776,805,1
270,279,1
362,366,1
394,386,1
357,346,1
778,226,1
554,559,1
43,65,1
71,48,1
406,418,1
667,651,1
53,60,1
612,592,1
276,286,1
85,91,1
22,37,1
409,429,1
650,682,1
437,440,1
633,618,1
71,61,1
751,745,1
244,253,1
534,537,1
64,61,1
377,371,1
297,283,1
508,492,1
808,783,1
445,426,1
301,302,1
19,6,1
213,215,1
52,62,1
662,655,1
257,381,1
213,207,1
163,165,1
83,45,1
0,41,1
633,619,1
812,798,1
148,106,1
152,105,2
516,520,1
194,431,1
687,695,1
524,526,1
194,176,1
265,254,1
522,520,1
433,456,1
154,140,1
375,365,1
255,264,1
558,570,1
650,652,1
556,567,1
634,621,1
768,774,1
392,538,1
89,100,1
442,447,1
559,567,1
622,630,1
293,270,1
242,253,1
165,168,1
417,422,1
48,61,1
776,794,1
241,222,1
670,620,1
77,57,1
172,180,1
259,241,1
393,391,1
443,407,1
149,158,1
559,569,1
532,548,1
440,490,1
576,582,1
232,787,1
271,251,1
556,569,1
30,38,1
528,516,1
401,426,1
478,467,1
235,223,1
82,97,1
46,52,1
402,423,1
106,89,1
66,48,1
51,119,1
316,310,1
397,398,1
227,318,1
362,373,1
340,349,1
803,785,1
106,81,1
598,542,1
294,280,2
552,559,1
178,50,1
305,313,1
383,391,1
20,18,1
642,626,1
358,351,1
413,416,1
645,657,1
379,371,1
106,140,1
678,683,1
633,643,1
301,309,1
26,3,1
474,472,1
781,790,1
579,582,1
545,541,1
694,673,1
353,360,1
363,364,1
343,346,1
526,517,1
77,48,1
161,162,1
441,450,1
74,81,1
194,424,1
227,313,1
724,747,1
97,100,1
29,1,1
50,60,2
507,486,1
424,431,1
698,624,1
68,80,1
777,791,1
28,3,1
55,62,1
686,676,1
691,681,1
42,14,1
67,77,1
293,297,1
454,431,1
540,541,1
289,280,1
191,176,1
339,348,1
336,330,1
67,91,1
165,50,1
778,798,1
413,417,1
39,40,1
71,79,1
475,456,1
232,808,1
742,727,1
138,139,1
355,358,1
487,496,1
257,269,1
439,430,1
110,116,1
255,250,1
352,359,1
612,405,1
709,624,1
615,635,1
127,121,1
67,104,1
637,641,1
63,69,1
43,71,1
775,756,1
216,199,1
67,74,1
295,296,1
411,417,1
291,336,1
594,598,1
26,34,1
46,54,1
227,236,1
364,367,1
452,425,1
590,542,1
557,561,1
611,589,1
440,441,1
186,190,1
293,324,1
587,594,1
778,799,1
463,464,1
213,194,1
318,301,1
150,140,1
340,346,1
399,390,1
406,408,1
603,605,1
714,716,2
716,719,2
20,30,1
321,329,1
772,753,1
210,198,1
662,667,1
67,53,1
440,412,1
670,672,1
661,656,1
416,429,1
136,61,1
801,782,1
186,189,1
766,756,1
589,597,1
445,482,1
65,46,1
360,345,1
422,425,1
546,551,1
568,570,1
234,807,1
27,38,1
266,245,1
671,690,1
315,794,1
270,283,1
483,487,1
580,583,1
549,544,1
405,181,1
74,52,1
441,448,1
404,419,1
432,474,1
553,578,1
480,487,1
72,50,1
681,620,1
497,483,1
145,150,2
474,460,1
24,31,1
43,64,1
616,626,1
87,89,1
615,627,1
301,305,1
11,14,1
420,422,1
262,268,1
212,205,1
444,454,1
280,283,1
0,40,1
156,152,1
231,240,1
316,324,1
511,527,1
389,390,1
528,517,1
403,421,1
449,672,1
6,9,1
636,702,1
804,791,1
509,515,1
637,639,1
60,430,1
447,450,1
473,467,1
184,181,1
260,248,1
414,430,1
811,784,1
690,694,1
226,807,1
72,61,1
667,194,1
737,732,1
578,585,1
801,798,1
22,31,1
637,630,1
784,787,1
446,403,1
316,301,1
31,32,1
214,203,1
322,323,1
331,369,1
142,143,1
613,181,1
620,624,1
124,127,1
434,403,1
186,174,1
49,52,1
804,807,1
727,731,1
525,515,1
21,28,1
636,703,1
96,99,1
337,341,1
621,650,1
36,6,1
128,115,1
226,791,1
103,100,1
229,240,1
243,245,1
287,290,1
192,178,1
20,10,1
64,69,1
404,420,1
474,466,1
194,418,1
24,4,1
639,618,1
443,430,1
441,424,1
106,96,1
106,87,1
696,697,1
50,61,1
234,792,1
63,84,1
697,630,1
44,700,1
35,13,1
259,270,1
265,244,1
207,202,1
275,281,1
164,180,1
171,182,1
547,542,1
340,344,1
741,746,1
807,796,1
186,176,1
548,536,1
643,630,1
477,459,1
524,521,1
781,796,1
303,305,1
455,469,1
505,486,1
624,705,1
86,90,1
724,728,1
404,423,1
29,38,1
331,381,1
194,209,1
402,486,1
410,412,1
33,5,1
105,141,1
522,523,1
226,270,1
45,57,1
434,410,1
256,280,1
127,128,1
407,410,1
691,673,1
504,493,1
83,94,1
73,46,2
82,34,1
186,170,1
241,221,1
744,747,1
236,240,1
195,210,1
455,396,1
812,791,1
634,640,1
0,33,1
505,494,1
669,672,1
660,651,1
169,175,1
376,334,1
44,704,1
3,6,1
361,374,1
568,572,1
68,45,1
315,796,1
326,328,1
439,454,1
552,526,1
298,306,1
617,620,1
803,812,1
72,56,1
447,424,1
232,234,2
809,795,1
438,60,1
502,506,1
105,45,1
302,304,1
499,487,1
499,495,1
441,446,1
54,57,1
82,108,1
771,757,1
587,610,1
194,542,1
450,420,1
503,505,1
713,719,2
308,310,1
83,95,1
588,591,1
110,133,1
396,391,1
256,254,1
300,309,1
187,171,1
315,780,1
270,274,1
548,542,1
738,730,1
557,567,1
101,67,1
273,330,1
353,340,1
67,56,1
363,372,1
260,265,1
133,81,1
432,434,1
729,730,1
259,269,1
74,76,1
211,212,1
50,55,1
23,42,1
685,690,1
433,412,1
44,57,1
803,789,1
518,308,1
331,363,1
776,790,1
356,359,1
277,279,1
175,50,1
290,291,1
585,562,1
82,101,1
447,418,1
323,326,1
44,48,1
331,359,1
627,631,1
621,623,1
244,245,1
355,357,1
445,454,1
325,328,1
513,520,1
68,59,1
104,85,1
369,371,1
783,794,1
339,358,1
72,53,1
802,793,1
535,540,1
332,329,1
255,260,1
454,408,1
734,743,1
1,5,1
476,468,1
634,631,1
105,98,1
444,446,1
257,356,1
213,204,1
75,54,1
10,13,1
68,47,1
404,431,1
635,643,1
557,569,1
694,682,1
578,564,1
96,97,1
746,180,1
44,630,1
419,421,1
432,194,1
440,444,1
375,257,1
440,446,1
500,491,1
450,419,1
440,449,1
69,72,1
576,557,1
275,279,1
268,244,1
53,58,1
256,258,1
396,478,1
40,14,1
450,404,1
51,118,1
402,409,1
144,161,1
574,556,1
93,97,1
406,431,1
526,527,1
501,494,1
486,492,1
245,251,1
34,16,1
515,520,1
5,16,1
63,100,1
270,271,1
663,701,1
752,758,1
312,369,1
33,17,1
700,681,1
791,792,1
234,781,1
440,442,1
231,239,1
187,192,1
481,497,1
34,6,1
458,466,1
663,658,1
622,623,1
118,119,1
43,52,1
432,444,1
65,54,1
528,530,1
321,335,1
440,483,1
588,596,1
103,112,1
609,600,1
43,75,1
66,60,1
295,308,1
537,541,1
190,169,1
667,653,1
82,60,1
383,385,1
479,456,1
397,399,1
441,416,1
386,389,1
270,275,1
194,407,1
801,785,1
562,565,1
110,117,1
324,329,1
44,67,1
20,8,1
532,540,1
645,653,1
129,120,1
414,421,1
443,450,1
772,763,1
638,641,1
439,411,1
444,405,1
502,495,1
383,393,1
616,618,1
106,92,1
42,3,1
666,656,1
623,624,1
322,332,1
691,694,1
435,426,1
444,420,1
719,720,2
44,705,1
766,769,1
103,136,1
804,792,1
532,545,1
126,46,1
338,356,1
383,463,1
448,453,1
298,227,1
478,456,1
23,33,1
255,262,1
194,493,1
216,202,1
699,646,1
23,24,1
104,34,1
799,797,1
21,37,1
302,284,1
315,800,1
270,783,1
103,99,1
111,114,1
388,390,1
690,682,1
287,289,1
273,328,1
783,793,1
315,787,1
801,805,1
149,106,2
315,302,1
750,751,1
432,467,1
227,221,1
583,570,1
555,569,1
31,12,1
523,517,1
11,13,1
435,415,1
140,143,1
555,567,1
511,517,1
60,419,1
140,141,1
165,179,1
338,352,1
526,562,1
60,420,1
640,620,1
64,76,1
458,460,1
159,150,1
603,588,1
212,208,1
751,774,1
628,629,1
274,278,1
432,449,1
387,392,1
27,12,1
36,37,1
21,39,1
525,514,1
73,80,1
408,430,1
749,733,1
38,7,1
373,377,1
707,636,1
706,646,1
337,339,1
105,84,1
460,466,1
315,808,1
440,411,1
545,543,1
402,508,1
73,47,1
806,812,1
0,1,1
275,280,1
364,370,1
242,255,1
344,346,1
399,386,1
497,494,1
734,727,1
291,325,1
547,535,1
716,722,2
149,142,1
237,239,1
393,397,1
398,390,1
575,579,1
754,758,1
406,430,1
432,441,1
561,570,1
189,177,1
237,267,1
614,628,1
111,61,1
396,477,1
36,7,1
480,481,1
433,462,1
228,240,1
304,307,1
637,618,1
359,341,1
74,49,1
383,399,1
562,572,1
402,452,1
774,764,1
806,789,1
440,486,1
243,271,1
194,405,2
66,55,1
192,176,1
777,808,1
199,208,1
562,564,1
72,52,1
73,59,1
20,219,1
447,416,1
262,267,1
687,673,1
803,786,1
113,123,1
503,445,1
73,45,1
717,718,2
611,613,1
409,425,1
618,620,1
618,629,1
648,653,1
30,17,1
527,519,1
27,37,1
739,728,1
322,273,1
439,409,1
593,601,1
725,744,1
242,244,1
416,431,1
610,405,1
187,194,1
119,123,1
361,362,1
297,281,1
229,354,1
448,410,1
669,690,1
810,786,1
619,628,1
444,431,1
501,491,1
586,592,1
103,46,1
497,486,1
159,155,1
463,470,1
811,795,1
287,280,1
689,694,1
614,629,1
246,254,1
191,166,1
475,467,1
451,425,1
510,528,1
792,793,1
686,675,1
799,790,1
698,700,1
73,121,1
65,55,1
783,788,1
504,492,1
448,408,1
229,233,1
47,87,1
770,765,1
378,365,1
401,408,1
265,247,1
106,84,1
440,494,1
378,363,1
646,705,1
679,682,1
696,699,1
271,245,1
633,621,1
316,318,1
561,572,1
635,629,1
332,335,1
574,582,1
602,613,1
772,761,1
790,796,1
104,86,1
510,521,1
292,270,1
808,791,1
500,506,1
542,600,1
69,80,1
103,97,1
40,16,1
450,421,1
804,809,1
371,372,1
499,501,1
522,516,1
270,278,1
145,152,2
710,681,1
404,429,1
636,646,1
332,330,1
642,622,1
38,11,1
49,59,1
592,596,1
299,227,1
605,589,1
498,507,1
32,9,1
402,415,1
51,116,1
603,589,1
443,448,1
413,426,1
168,182,1
552,556,1
744,728,1
615,623,1
697,708,1
129,122,1
453,427,1
607,613,1
26,4,1
604,181,1
548,526,1
410,413,1
662,665,1
189,173,1
633,636,1
55,117,1
506,489,1
297,279,1
561,565,1
269,252,1
588,405,1
670,678,1
42,15,1
229,346,1
442,427,1
724,736,1
460,472,1
37,8,1
526,567,1
229,223,1
255,268,1
402,484,1
741,744,1
566,571,1
65,60,1
74,53,1
126,136,1
256,241,1
725,735,1
517,521,1
480,482,1
443,431,1
207,198,1
782,787,1
620,625,1
36,11,1
634,643,1
675,681,1
404,414,1
526,518,1
513,514,1
693,694,1
487,491,1
571,572,1
78,79,1
331,364,1
134,116,1
126,115,1
34,90,1
680,682,1
616,638,1
104,108,1
280,285,1
602,194,1
294,327,1
284,306,1
648,652,1
781,791,1
402,496,1
212,206,1
440,428,1
452,424,1
213,205,1
576,555,1
636,627,1
176,181,1
21,13,1
526,569,1
584,558,1
654,657,1
432,412,1
503,487,1
779,808,1
9,10,1
452,418,1
524,514,1
579,557,1
531,538,1
587,598,1
76,62,1
462,465,1
682,620,1
779,787,1
739,726,1
444,407,1
266,248,1
129,61,1
556,566,1
644,651,1
41,5,1
104,93,1
618,628,1
44,63,1
110,112,1
779,800,1
315,792,1
576,560,1
302,303,1
196,216,1
502,517,1
137,158,1
634,619,1
578,563,1
9,18,1
84,91,1
150,157,1
31,17,1
339,343,1
688,674,1
188,60,1
440,422,1
510,524,1
233,222,1
291,329,1
395,194,1
326,280,1
63,93,1
502,515,1
747,735,1
63,70,1
732,735,1
20,7,1
578,559,1
127,114,1
524,515,1
242,254,1
149,139,1
185,172,1
186,187,1
119,121,1
79,55,1
414,418,1
334,280,1
483,496,1
66,58,1
662,656,1
444,448,1
709,702,1
362,378,1
171,177,1
455,461,1
634,719,2
173,179,1
378,364,1
450,424,1
352,358,1
523,525,1
811,786,1
171,180,1
480,496,1
266,251,1
20,11,1
64,81,1
376,312,1
510,518,1
750,771,1
226,809,1
663,622,1
1,17,1
144,157,1
169,171,1
230,220,1
812,792,1
85,93,1
106,98,1
267,252,1
438,410,1
644,194,1
300,303,1
437,405,1
777,807,1
75,53,1
745,758,1
805,795,1
21,14,1
606,613,1
791,798,1
459,460,1
129,55,1
270,795,1
317,300,1
28,9,1
134,61,1
436,440,1
63,103,1
483,484,1
660,653,1
229,261,1
316,333,1
581,562,1
444,450,1
670,674,1
777,780,1
679,681,1
446,447,1
796,797,1
201,203,1
801,812,1
664,647,1
276,284,1
531,537,1
38,2,1
106,143,1
576,572,1
88,91,1
700,702,1
406,424,1
74,77,1
106,141,1
698,703,1
725,737,1
606,194,1
670,688,1
799,809,1
303,313,1
779,780,1
586,590,1
480,504,1
185,173,1
104,96,1
325,330,1
68,69,1
583,560,1
491,492,1
307,313,1
299,315,1
358,343,1
806,811,1
275,283,1
44,688,1
481,493,1
290,295,1
455,472,1
729,735,1
234,809,1
23,1,1
421,422,1
383,464,1
665,666,1
272,273,1
435,439,1
396,456,1
686,680,1
746,727,1
356,358,1
326,327,1
547,538,1
532,551,1
375,368,1
583,555,1
775,760,1
31,5,1
422,423,1
399,400,1
37,2,1
648,658,1
170,50,1
325,273,1
40,13,1
803,796,1
687,679,1
75,77,1
421,428,1
447,421,1
576,565,1
383,392,1
411,416,1
489,493,1
776,784,1
164,192,1
782,791,1
229,355,1
379,312,1
445,417,1
203,209,1
135,122,1
436,437,1
190,183,1
60,426,1
93,96,1
449,427,1
402,485,1
1,12,1
86,96,1
150,141,1
51,115,1
64,75,1
381,312,1
400,388,1
448,403,1
37,7,1
69,59,1
334,327,1
480,502,1
545,533,1
583,564,1
480,484,1
26,31,1
437,407,1
386,388,1
452,421,1
693,682,1
459,466,1
197,203,1
227,232,1
504,507,1
315,305,1
441,421,1
47,52,1
436,407,1
400,389,1
609,598,1
758,762,1
594,600,1
69,45,1
315,234,1
349,351,1
710,624,1
22,16,1
695,683,1
293,275,1
527,308,1
414,424,1
557,558,1
46,115,1
227,320,1
744,749,1
293,326,1
581,560,1
742,736,1
432,456,1
19,24,1
154,105,2
332,336,1
776,315,1
268,252,1
712,682,1
438,453,1
383,432,1
753,764,1
41,12,1
434,446,1
617,631,1
433,452,1
237,264,1
39,1,1
424,429,1
455,460,1
503,493,1
650,651,1
69,47,1
242,251,1
807,781,1
708,705,1
435,417,1
316,280,2
190,178,1
778,315,1
771,756,1
44,674,1
20,2,1
221,223,1
677,682,1
569,573,1
675,679,1
621,622,1
783,790,1
602,603,1
418,423,1
15,17,1
242,258,1
505,507,1
531,534,1
262,264,1
458,472,1
583,565,1
301,303,1
465,470,1
665,654,1
590,600,1
434,406,1
453,60,1
436,60,1
87,96,1
606,595,1
494,496,1
354,350,1
777,787,1
256,259,1
776,793,1
633,640,1
226,792,1
60,415,1
740,747,1
43,81,1
450,418,1
651,653,1
701,703,1
439,422,1
173,180,1
526,577,1
199,206,1
454,429,1
367,368,1
184,166,1
240,219,1
362,365,1
321,325,1
766,760,1
61,122,1
130,81,1
334,379,1
750,762,1
239,241,1
542,599,1
440,488,1
684,689,1
297,274,1
301,313,1
64,52,1
695,676,1
33,12,1
21,27,1
667,652,1
777,800,1
707,711,1
439,428,1
581,572,1
110,51,1
94,98,1
234,790,1
607,194,1
416,418,1
96,100,1
592,181,1
217,208,1
434,413,1
150,143,1
587,595,1
777,797,1
27,17,1
55,116,1
583,572,1
576,570,1
638,623,1
72,75,1
675,677,1
168,178,1
165,180,1
786,796,1
316,327,1
614,641,1
636,628,1
276,278,1
38,8,1
619,629,1
79,60,1
336,327,1
436,405,1
320,280,1
466,470,1
416,424,1
556,561,1
512,521,1
334,368,1
132,51,1
511,502,1
603,609,1
60,417,1
502,440,1
60,424,1
805,793,1
638,639,1
25,1,1
668,688,1
194,414,1
464,468,1
269,250,1
610,601,1
72,81,1
194,182,1
338,340,1
189,182,1
455,466,1
188,173,1
256,302,1
444,418,1
750,770,1
460,465,1
91,98,1
167,180,1
439,442,1
189,60,1
244,252,1
52,54,1
232,240,1
194,429,1
295,324,1
47,89,1
740,743,1
305,309,1
357,358,1
458,461,1
455,433,1
633,631,1
331,372,1
697,705,1
163,178,1
509,519,1
585,559,1
279,286,1
333,273,1
525,513,1
443,418,1
537,543,1
444,424,1
443,424,1
60,92,1
163,169,1
696,701,1
432,446,1
533,539,1
687,681,1
11,16,1
321,336,1
274,275,1
509,512,1
595,601,1
581,555,1
37,11,1
405,596,1
433,423,1
779,794,1
259,247,1
374,312,1
135,55,1
643,621,1
288,294,1
562,570,1
375,334,1
258,271,1
315,781,1
611,194,1
454,414,1
168,169,1
719,721,2
28,42,1
196,210,1
640,623,1
743,729,1
622,650,1
75,56,1
32,40,1
375,379,1
517,520,1
648,655,1
693,677,1
800,809,1
778,784,1
148,143,1
767,752,1
801,789,1
231,233,1
578,566,1
616,623,1
578,581,1
70,57,1
659,622,1
395,388,1
485,488,1
297,284,1
383,398,1
674,678,1
441,417,1
65,57,1
146,105,1
373,371,1
22,14,1
531,545,1
217,209,1
29,9,1
144,139,1
587,613,1
451,419,1
806,810,1
333,323,1
14,18,1
146,149,1
663,699,1
355,351,1
368,370,1
306,312,1
83,107,1
133,123,1
216,208,1
290,280,1
699,703,1
257,377,1
21,30,1
61,120,1
725,728,1
187,179,1
323,331,1
697,699,1
807,792,1
126,55,1
332,328,1
608,589,1
395,386,1
799,807,1
75,50,1
768,752,1
259,254,1
131,121,1
554,573,1
807,798,1
526,543,1
25,36,1
289,295,1
504,506,1
712,681,1
801,811,1
646,704,1
406,426,1
702,705,1
232,219,1
355,349,1
359,360,1
28,41,1
221,224,1
445,421,1
734,726,1
436,410,1
187,180,1
242,266,1
451,404,1
734,729,1
271,249,1
52,53,1
538,540,1
677,679,1
207,203,1
609,542,1
664,646,1
671,677,1
124,61,1
148,141,1
727,732,1
281,285,1
229,344,1
707,710,1
673,678,1
435,430,1
172,178,1
447,417,1
411,421,1
163,194,1
393,398,1
616,635,1
636,629,1
748,732,1
419,425,1
401,412,1
155,157,1
645,654,1
135,46,1
584,555,1
168,177,1
34,10,1
727,733,1
617,630,1
3,7,1
505,508,1
603,542,1
67,49,1
242,256,1
458,469,1
210,201,1
637,621,1
499,507,1
23,9,1
769,758,1
73,54,1
738,740,1
531,532,1
163,192,1
134,117,1
226,796,1
25,41,1
312,372,1
406,417,1
359,340,1
270,784,1
215,205,1
476,479,1
80,57,1
147,148,1
65,48,1
642,623,1
800,780,1
690,681,1
270,789,1
671,689,1
488,489,1
359,365,1
738,745,1
442,446,1
707,663,1
89,94,1
23,35,1
116,122,1
607,610,1
21,10,1
65,58,1
504,485,1
500,492,1
440,413,1
320,302,1
342,350,1
585,558,1
40,4,1
63,102,1
21,18,1
151,105,1
77,58,1
295,311,1
584,572,1
559,570,1
574,579,1
41,8,1
449,429,1
452,420,1
338,355,1
210,197,1
398,400,1
149,140,1
165,181,1
71,58,1
777,792,1
211,203,1
346,348,1
467,468,1
353,342,1
804,270,1
587,194,1
607,595,1
45,96,1
322,331,1
293,278,1
263,249,1
549,542,1
794,795,1
215,204,1
171,183,1
646,630,1
584,565,1
464,470,1
44,699,1
24,13,1
213,199,1
443,421,1
744,730,1
33,38,1
214,202,1
661,662,1
138,145,1
666,667,1
537,539,1
9,13,1
454,423,1
553,557,1
789,790,1
114,123,1
336,280,1
645,667,1
650,656,1
441,426,1
231,223,1
627,630,1
763,764,1
46,47,1
412,422,1
659,660,1
449,678,1
259,244,1
603,606,1
432,477,1
20,21,1
168,183,1
452,404,1
215,194,1
482,489,1
503,484,1
320,301,1
176,179,1
85,96,1
42,4,1
483,485,1
412,428,1
410,411,1
302,309,1
293,295,2
690,695,1
70,49,1
413,430,1
498,491,1
634,716,2
75,51,1
330,280,1
525,526,1
667,655,1
711,703,1
745,732,1
800,794,1
96,98,1
267,250,1
232,237,1
185,60,1
812,796,1
584,570,1
693,673,1
290,282,1
460,469,1
278,283,1
621,700,1
20,28,1
558,561,1
79,57,1
812,793,1
83,89,1
739,744,1
806,783,1
395,389,1
434,435,1
713,722,2
452,419,1
559,560,1
46,59,1
738,748,1
256,295,1
402,501,1
0,38,1
403,430,1
292,297,1
63,96,1
503,496,1
132,117,1
639,627,1
292,296,1
443,415,1
334,323,1
70,48,1
706,703,1
449,414,1
89,95,1
791,796,1
552,576,1
106,88,1
37,5,1
808,797,1
446,413,1
104,60,1
660,652,1
437,439,1
676,677,1
32,33,1
43,72,1
101,60,1
715,717,2
353,341,1
318,313,1
419,431,1
696,650,1
317,304,1
135,136,1
198,203,1
401,441,1
170,178,1
662,194,1
19,11,1
383,462,1
27,32,1
433,413,1
233,220,1
402,447,1
772,773,1
433,471,1
190,177,1
485,490,1
164,166,1
614,642,1
719,723,1
24,10,1
138,140,1
182,183,1
97,99,1
685,689,1
106,47,1
77,49,1
440,406,1
219,223,1
190,166,1
357,347,1
151,153,1
146,154,1
302,311,1
331,380,1
507,508,1
268,247,1
193,182,1
68,70,1
111,81,1
776,779,1
607,594,1
194,601,1
319,320,1
740,180,1
508,491,1
803,797,1
446,406,1
410,422,1
295,276,1
700,624,1
778,805,1
498,508,1
361,312,1
738,746,1
593,405,1
408,412,1
8,15,1
304,312,1
803,232,1
436,403,1
526,533,1
423,428,1
785,788,1
186,60,1
242,243,1
30,5,1
83,81,1
690,677,1
559,565,1
54,55,1
545,550,1
44,650,1
780,793,1
645,655,1
662,651,1
227,306,1
273,280,2
784,792,1
401,444,1
799,780,1
550,540,1
225,226,1
410,428,1
394,387,1
401,449,1
459,472,1
202,206,1
316,295,2
690,673,1
438,403,1
94,95,1
246,253,1
666,655,1
194,172,1
639,623,1
324,330,1
376,371,1
114,121,1
54,60,1
689,682,1
459,469,1
776,226,1
106,157,1
687,694,1
535,392,1
229,264,1
22,27,1
48,58,1
404,425,1
106,45,1
636,712,1
693,695,1
615,622,1
83,106,1
237,250,1
35,6,1
786,791,1
737,729,1
538,539,1
257,247,1
623,627,1
99,100,1
643,631,1
781,783,1
559,572,1
437,447,1
743,727,1
644,646,1
523,502,1
141,142,1
261,263,1
782,794,1
29,41,1
773,774,1
693,679,1
697,701,1
647,622,1
801,783,1
362,370,1
396,194,1
241,248,1
272,282,1
190,168,1
409,423,1
184,193,1
256,270,2
751,770,1
530,514,1
775,763,1
55,56,1
36,8,1
802,805,1
75,78,1
170,181,1
53,61,1
146,147,1
103,34,1
486,491,1
164,178,1
91,95,1
443,416,1
393,386,1
788,798,1
446,452,1
331,367,1
432,428,1
260,246,1
212,199,1
422,424,1
510,511,1
799,270,1
502,493,1
194,487,1
385,387,1
124,132,1
339,270,1
494,495,1
696,708,1
195,201,1
258,262,1
574,583,1
640,622,1
808,812,1
756,760,1
52,168,1
435,436,1
604,600,1
178,181,1
23,36,1
432,422,1
299,306,1
800,270,1
25,33,1
445,416,1
175,183,1
278,279,1
507,491,1
3,8,1
476,469,1
289,275,1
801,804,1
740,726,1
340,350,1
768,773,1
409,419,1
63,62,1
231,220,1
202,205,1
553,554,1
43,76,1
299,320,1
335,330,1
434,452,1
432,442,1
105,100,1
641,632,1
477,460,1
707,698,1
84,96,1
446,408,1
47,61,1
770,745,1
801,790,1
766,763,1
433,465,1
280,309,1
229,347,1
411,418,1
805,788,1
190,50,1
483,486,1
164,181,1
396,467,1
684,694,1
728,735,1
255,271,1
687,682,1
130,119,1
661,647,1
774,752,1
642,618,1
63,99,1
325,331,1
511,525,1
536,542,1
554,556,1
401,194,1
785,795,1
232,238,1
703,630,1
338,359,1
596,598,1
60,421,1
463,465,1
190,182,1
110,115,1
509,510,1
550,392,1
559,562,1
547,536,1
445,423,1
243,249,1
71,60,1
481,445,1
228,20,1
383,465,1
411,424,1
641,643,1
23,40,1
242,247,1
626,632,1
103,86,1
105,85,1
801,810,1
518,521,1
355,270,1
444,421,1
742,747,1
112,123,1
708,699,1
793,797,1
146,148,1
689,681,1
526,570,1
634,617,1
315,301,1
695,675,1
557,570,1
278,281,1
83,87,1
403,426,1
373,381,1
79,48,1
52,56,1
184,50,1
433,406,1
623,629,1
244,247,1
235,236,1
612,593,1
547,544,1
36,2,1
401,434,1
102,67,1
105,156,1
663,650,2
461,466,1
449,415,1
184,168,1
553,582,1
460,461,1
660,667,1
761,762,1
26,16,1
746,729,1
510,525,1
91,94,1
133,121,1
703,704,1
759,763,1
190,193,1
229,239,1
81,57,1
414,416,1
677,681,1
399,388,1
617,621,1
501,508,1
777,234,1
459,461,1
692,674,1
447,426,1
651,657,1
650,624,1
499,485,1
804,796,1
293,323,1
529,467,1
53,57,1
526,541,1
741,728,1
477,466,1
110,124,1
688,678,1
63,46,1
70,79,1
397,392,1
270,785,1
381,371,1
597,598,1
697,650,1
378,369,1
436,453,1
373,359,1
289,278,1
255,261,1
787,793,1
479,467,1
577,579,1
665,650,1
750,753,1
103,115,1
151,154,1
77,46,1
164,169,1
237,219,1
353,350,1
80,48,1
108,85,1
591,596,1
759,761,1
145,156,1
576,564,1
452,431,1
154,158,1
480,485,1
22,13,1
799,794,1
402,491,1
315,807,1
499,492,1
316,313,1
728,732,1
786,790,1
354,348,1
402,435,1
775,761,1
776,788,1
258,268,1
474,459,1
315,310,1
660,655,1
5,15,1
353,257,1
454,425,1
4,9,1
294,278,1
557,560,1
54,58,1
195,197,1
784,797,1
546,548,1
236,221,1
778,795,1
548,539,1
524,529,1
416,419,1
195,200,1
768,764,1
192,180,1
136,112,1
383,395,1
237,252,1
505,491,1
734,747,1
394,396,1
340,341,1
19,7,1
635,624,1
424,425,1
604,599,1
288,289,1
450,416,1
405,406,1
748,731,1
131,123,1
554,579,1
229,230,1
132,116,1
292,293,1
698,646,1
147,162,1
405,413,1
634,632,1
51,117,1
348,351,1
177,178,1
22,39,1
256,269,1
393,395,1
778,788,1
88,89,1
695,680,1
241,265,1
624,632,1
355,344,1
497,498,1
20,222,1
229,267,1
247,254,1
34,18,1
234,270,1
533,541,1
3,11,1
498,501,1
577,560,1
30,12,1
71,55,1
661,646,1
354,342,1
0,26,1
81,48,1
690,679,1
660,654,1
766,761,1
750,755,1
709,700,1
645,652,1
552,573,1
32,1,1
435,454,1
637,631,1
217,206,1
27,5,1
227,223,1
808,785,1
130,114,1
78,49,1
610,597,1
106,94,1
680,681,1
145,159,1
619,627,1
270,346,1
440,409,1
24,27,1
63,97,1
442,60,1
585,563,1
772,760,1
275,278,1
408,423,1
803,782,1
802,809,1
125,130,1
187,52,1
327,280,1
23,41,1
385,396,1
191,169,1
292,286,1
382,386,1
9,14,1
478,471,1
557,572,1
361,331,1
89,98,1
568,569,1
588,601,1
67,90,1
606,598,1
552,564,1
634,625,1
779,234,1
110,129,1
778,793,1
407,427,1
106,95,1
179,181,1
194,425,1
584,560,1
416,420,1
712,624,1
776,799,1
396,465,1
594,542,1
317,306,1
693,681,1
689,673,1
793,798,1
185,176,1
557,565,1
315,801,1
103,108,1
67,68,1
432,411,1
593,595,1
644,647,1
64,72,1
79,62,1
264,249,1
268,245,1
66,46,1
565,566,1
125,132,1
608,597,1
200,204,1
230,233,1
410,415,1
197,198,1
19,35,1
25,40,1
318,295,1
24,14,1
210,200,1
45,62,1
409,420,1
19,21,1
715,721,2
483,494,1
613,594,1
555,561,1
402,432,1
191,178,1
189,183,1
359,348,1
192,52,1
113,121,1
19,28,1
294,295,2
194,202,1
242,245,1
664,194,1
595,597,1
461,472,1
636,618,1
637,640,1
127,81,1
374,371,1
613,595,1
614,624,1
649,650,1
81,49,1
114,55,1
786,798,1
32,39,1
528,467,1
359,369,1
319,304,1
480,507,1
779,795,1
774,754,1
562,569,1
611,594,1
524,519,1
29,3,1
194,205,1
385,390,1
691,680,1
299,308,1
786,788,1
581,557,1
287,278,1
664,651,1
107,93,1
564,573,1
606,610,1
260,251,1
498,496,1
52,177,1
190,52,1
432,409,1
539,541,1
235,224,1
255,251,1
98,100,1
622,658,1
771,765,1
83,97,1
562,567,1
420,430,1
574,580,1
578,565,1
646,654,1
508,489,1
322,295,1
243,260,1
427,428,1
530,308,1
294,282,1
566,567,1
398,388,1
566,569,1
6,12,1
362,375,1
473,457,1
714,717,2
750,759,1
110,118,1
397,389,1
338,353,1
725,727,1
194,593,1
168,172,1
619,624,1
133,51,1
438,423,1
555,565,1
673,681,1
686,682,1
137,154,2
194,426,1
672,679,1
444,445,1
728,733,1
440,496,1
578,572,1
110,128,1
530,517,1
66,51,1
95,98,1
207,215,1
28,1,1
454,60,1
163,190,1
802,810,1
33,1,1
751,758,1
481,500,1
23,26,1
394,391,1
476,471,1
801,232,1
498,500,1
780,791,1
270,280,2
586,598,1
27,8,1
553,570,1
149,162,1
555,572,1
745,775,1
689,674,1
128,117,1
261,249,1
190,180,1
433,417,1
263,265,1
45,93,1
452,453,1
592,594,1
758,764,1
671,684,1
738,735,1
145,161,1
410,416,1
255,266,1
661,657,1
102,87,1
68,56,1
639,641,1
776,796,1
413,414,1
401,443,1
636,642,1
665,622,1
589,181,1
30,8,1
409,431,1
499,486,1
19,29,1
446,409,1
612,591,1
163,189,1
316,307,1
748,735,1
532,537,1
791,797,1
690,678,1
270,249,1
401,431,1
21,31,1
743,180,1
288,286,1
413,429,1
194,388,1
188,52,1
277,278,1
578,560,1
716,723,1
43,47,1
456,463,1
578,555,1
69,51,1
302,305,1
676,678,1
52,171,1
29,34,1
226,232,2
453,425,1
596,597,1
433,426,1
257,343,1
104,100,1
229,269,1
295,284,2
399,389,1
702,630,1
440,415,1
478,465,1
28,37,1
43,59,1
448,415,1
20,12,1
583,558,1
44,61,1
276,280,1
685,681,1
329,331,1
134,123,1
440,508,1
505,506,1
405,409,1
802,783,1
197,201,1
432,478,1
415,426,1
20,17,1
255,256,1
768,745,1
296,283,1
195,203,1
404,426,1
188,180,1
232,222,1
287,295,1
300,304,1
55,60,1
549,551,1
184,194,1
647,653,1
229,270,2
791,794,1
199,200,1
126,133,1
163,174,1
216,194,1
441,60,1
316,328,1
693,675,1
256,237,1
526,308,1
609,601,1
46,53,1
106,158,1
170,177,1
668,693,1
114,122,1
586,613,1
644,645,1
353,358,1
256,310,1
377,368,1
542,543,1
73,75,1
724,743,1
457,465,1
44,68,1
264,250,1
575,573,1
314,227,1
785,786,1
498,506,1
211,214,1
442,445,1
770,754,1
490,492,1
440,491,1
774,763,1
73,81,2
15,18,1
783,798,1
213,197,1
475,470,1
187,181,1
639,619,1
715,719,2
257,334,1
213,201,1
688,683,1
28,33,1
164,174,1
374,381,1
803,807,1
126,131,1
685,695,1
63,108,1
6,17,1
666,650,1
17,18,1
82,89,1
502,513,1
48,49,1
334,381,1
607,598,1
366,313,1
726,730,1
103,114,1
810,798,1
413,415,1
591,599,1
361,366,1
110,73,1
174,177,1
401,420,1
469,472,1
678,679,1
613,405,1
258,267,1
29,15,1
497,194,1
504,508,1
706,624,1
196,201,1
433,459,1
63,34,1
531,392,1
487,490,1
319,300,1
194,647,1
446,422,1
70,55,1
90,100,1
359,363,1
434,445,1
435,438,1
443,445,1
362,334,1
83,99,1
407,412,1
345,348,1
445,452,1
27,2,1
305,306,1
635,617,1
401,419,1
726,735,1
273,282,1
446,411,1
667,649,1
714,718,2
247,249,1
287,284,1
135,61,1
82,81,1
403,411,1
497,499,1
484,494,1
438,447,1
514,520,1
68,51,1
548,550,1
473,458,1
641,622,1
470,471,1
137,148,1
216,204,1
375,371,1
63,101,1
809,788,1
105,108,1
404,417,1
69,61,1
804,793,1
257,245,1
344,348,1
229,357,1
455,459,1
637,622,1
482,492,1
51,123,1
301,304,1
446,407,1
532,544,1
647,652,1
125,127,1
194,612,1
127,129,1
773,757,1
70,60,1
34,97,1
374,359,1
805,784,1
1,10,1
452,410,1
481,506,1
339,344,1
194,166,1
47,86,1
547,526,1
82,106,1
432,408,1
105,34,1
1,18,1
31,1,1
81,114,1
362,379,1
380,367,1
733,735,1
403,409,1
9,16,1
334,359,1
812,788,1
134,135,1
298,302,1
693,680,1
767,768,1
768,770,1
26,14,1
649,654,1
787,792,1
555,560,1
102,81,1
259,248,1
320,305,1
169,180,1
778,811,1
66,50,1
436,447,1
296,274,1
59,62,1
421,431,1
449,425,1
186,165,1
393,394,1
186,182,1
516,519,1
574,526,1
294,326,1
26,27,1
280,313,1
446,428,1
418,430,1
52,59,1
67,87,1
294,275,1
508,490,1
533,540,1
802,811,1
321,291,1
532,534,1
552,585,1
805,785,1
730,735,1
112,121,1
809,793,1
661,649,1
662,646,1
68,50,1
76,79,1
498,484,1
24,39,1
288,293,1
32,13,1
125,131,1
439,452,1
645,665,1
303,312,1
148,152,1
685,679,1
602,405,1
529,530,1
102,106,1
411,431,1
35,15,1
63,86,1
616,622,1
227,222,1
71,49,1
24,18,1
526,530,1
213,200,1
256,301,1
137,147,2
435,408,1
415,417,1
767,758,1
774,761,1
595,598,1
163,164,1
11,15,1
570,571,1
604,607,1
132,114,1
150,161,1
68,53,1
193,52,1
0,31,1
807,794,1
589,542,1
766,775,1
574,559,1
449,674,1
24,30,1
147,149,2
485,489,1
67,52,1
584,559,1
191,194,1
247,251,1
125,133,1
194,169,1
510,515,1
503,506,1
199,201,1
477,472,1
578,584,1
670,671,1
36,15,1
111,129,1
294,323,1
245,254,1
624,625,1
644,666,1
610,611,1
65,79,1
303,307,1
333,293,1
39,4,1
86,92,1
147,105,2
801,803,1
753,761,1
604,542,1
709,703,1
225,236,1
708,709,1
198,205,1
667,657,1
686,694,1
508,483,1
531,540,1
737,730,1
110,119,1
770,756,1
804,805,1
22,30,1
451,452,1
210,212,1
245,253,1
511,514,1
234,222,1
174,182,1
218,241,1
134,121,1
435,424,1
633,630,1
276,283,1
319,310,1
737,738,1
411,419,1
193,180,1
175,180,1
662,654,1
611,595,1
173,60,1
451,405,1
510,519,1
114,115,1
620,627,1
376,377,1
334,326,1
657,658,1
55,58,1
68,74,1
510,512,1
636,624,2
621,703,1
259,237,1
47,60,2
80,61,1
788,791,1
448,452,1
194,646,1
234,786,1
355,342,1
65,70,1
19,2,1
553,584,1
409,418,1
444,425,1
602,595,1
405,598,1
296,281,1
787,795,1
711,700,1
354,341,1
69,50,1
546,542,1
442,408,1
799,783,1
615,641,1
450,410,1
559,568,1
289,282,1
137,160,1
401,404,1
1,14,1
489,490,1
544,551,1
712,630,1
436,439,1
526,585,1
225,229,1
690,620,1
278,284,1
502,445,1
424,430,1
80,60,1
37,9,1
549,535,1
384,399,1
233,238,1
784,795,1
419,423,1
617,625,1
803,784,1
227,224,1
640,626,1
425,430,1
26,39,1
113,120,1
727,736,1
356,357,1
374,334,1
218,225,1
28,40,1
210,202,1
295,330,1
73,76,1
0,4,1
397,388,1
805,792,1
398,389,1
189,168,1
268,251,1
113,122,1
115,118,1
441,405,1
2,9,1
336,323,1
47,55,1
40,5,1
258,264,1
463,467,1
315,284,1
194,389,1
257,237,1
708,700,1
649,622,1
412,413,1
80,55,1
720,723,1
67,89,1
67,81,2
227,235,1
239,240,1
185,181,1
411,420,1
639,625,1
191,192,1
315,782,1
337,347,1
776,798,1
808,786,1
193,179,1
403,428,1
588,593,1
321,334,1
404,415,1
515,517,1
196,200,1
745,727,1
754,765,1
747,731,1
212,204,1
164,179,1
144,142,1
35,3,1
394,397,1
23,12,1
615,639,1
237,271,1
447,454,1
215,206,1
67,75,1
60,97,1
85,90,1
135,81,1
317,284,1
405,595,1
108,86,1
447,430,1
673,679,1
790,798,1
189,50,1
257,379,1
475,457,1
435,448,1
32,18,1
38,4,1
477,461,1
590,601,1
651,656,1
691,683,1
335,325,1
367,313,1
521,467,1
753,754,1
442,425,1
677,620,1
393,390,1
645,194,1
27,29,1
105,97,1
451,407,1
31,38,1
44,684,1
52,183,1
284,308,1
669,695,1
553,560,1
160,157,1
594,181,1
579,572,1
83,92,1
67,70,1
706,710,1
688,692,1
440,452,1
348,349,1
317,309,1
483,488,1
381,366,1
585,561,1
553,555,1
640,641,1
130,134,1
67,93,1
606,594,1
498,440,1
435,418,1
505,490,1
392,542,1
83,102,1
28,36,1
43,45,1
341,345,1
812,789,1
419,427,1
380,364,1
575,556,1
334,273,1
408,415,1
102,107,1
288,295,1
799,315,1
104,91,1
421,424,1
21,4,1
790,791,1
230,237,1
604,606,1
403,422,1
778,789,1
128,51,1
684,682,1
222,224,1
150,156,1
361,313,1
81,61,2
138,146,1
435,450,1
432,406,1
105,86,1
272,275,1
212,194,1
432,471,1
445,491,1
244,246,1
291,295,2
759,760,1
194,178,1
685,687,1
28,38,1
184,192,1
670,694,1
693,620,1
108,97,1
526,542,1
25,17,1
145,146,1
293,285,1
409,424,1
456,462,1
78,62,1
750,772,1
229,253,1
67,107,1
691,675,1
146,151,1
260,249,1
103,61,1
664,656,1
553,572,1
545,392,1
443,425,1
629,631,1
264,252,1
508,488,1
265,248,1
23,17,1
678,681,1
410,423,1
741,748,1
185,171,1
166,172,1
20,220,1
548,537,1
225,231,1
111,124,1
604,611,1
287,279,1
689,678,1
19,8,1
445,508,1
753,763,1
172,175,1
682,646,1
66,78,1
578,570,1
90,91,1
163,170,1
170,171,1
26,13,1
261,268,1
745,761,1
806,793,1
352,357,1
70,54,1
67,106,1
405,411,1
298,303,1
800,793,1
163,183,1
170,183,1
320,310,1
434,429,1
659,650,1
669,679,1
636,701,1
352,229,1
440,484,1
802,789,1
405,428,1
533,542,1
147,154,2
30,32,1
484,486,1
384,393,1
161,153,1
553,565,1
301,306,1
69,78,1
501,506,1
71,46,1
237,222,1
587,612,1
352,257,1
800,782,1
388,391,1
685,673,1
634,620,1
242,257,1
288,278,1
47,58,1
87,90,1
298,305,1
525,520,1
20,23,1
315,295,1
434,414,1
405,422,1
178,180,1
76,57,1
529,516,1
400,390,1
211,198,1
792,797,1
25,12,1
269,247,1
81,119,1
772,759,1
22,10,1
411,415,1
22,18,1
136,114,1
296,279,1
63,58,1
319,301,1
653,658,1
436,415,1
131,135,1
196,197,1
461,469,1
270,306,1
60,410,1
437,425,1
778,812,1
43,80,1
402,416,1
534,535,1
731,180,1
408,425,1
108,99,1
579,560,1
73,52,1
107,96,1
513,517,1
539,543,1
255,245,1
450,453,1
619,620,1
802,812,1
587,603,1
60,408,1
406,412,1
64,60,1
137,105,2
712,704,1
101,96,1
579,555,1
324,326,1
663,664,1
64,55,1
105,99,1
475,458,1
14,17,1
663,711,1
125,116,1
556,559,1
807,270,1
331,371,1
68,77,1
137,149,2
432,413,1
384,385,1
144,106,2
266,247,1
773,762,1
103,119,1
747,730,1
522,526,1
89,93,1
132,119,1
267,246,1
60,99,1
662,647,1
678,682,1
8,16,1
713,714,2
170,174,1
583,556,1
295,279,1
452,408,1
298,304,1
607,609,1
613,601,1
257,266,1
266,244,1
410,418,1
396,388,1
465,466,1
49,61,1
147,158,1
636,681,1
480,491,1
580,565,1
548,534,1
237,261,1
439,406,1
437,419,1
420,426,1
152,153,2
579,558,1
663,710,1
186,177,1
336,326,1
688,676,1
316,319,1
546,543,1
607,588,1
537,542,1
769,774,1
287,294,1
651,652,1
3,5,1
80,58,1
669,681,1
409,421,1
416,423,1
502,489,1
670,673,1
433,415,1
691,676,1
185,174,1
503,488,1
679,680,1
128,131,1
473,463,1
478,462,1
449,404,1
76,48,1
360,344,1
579,570,1
43,69,1
716,720,2
688,693,1
81,118,1
33,41,1
334,295,1
775,758,1
316,312,1
587,593,1
445,408,1
23,38,1
669,677,1
338,229,1
52,167,1
357,342,1
402,487,1
766,767,1
402,454,1
801,796,1
242,265,1
726,728,1
552,567,1
67,76,1
335,331,1
550,537,1
382,384,1
117,121,1
225,238,1
807,787,1
107,60,1
684,687,1
298,256,1
751,773,1
233,237,1
289,291,1
552,569,1
802,792,1
32,16,1
401,451,1
766,758,1
167,176,1
382,387,1
362,374,1
74,51,1
190,192,1
295,281,1
194,430,1
575,571,1
4,8,1
433,416,1
476,462,1
660,649,1
279,284,1
128,133,1
242,229,1
525,530,1
68,73,1
415,430,1
304,305,1
325,326,1
102,85,1
210,213,1
481,495,1
338,348,1
483,490,1
480,508,1
659,654,1
651,654,1
326,273,1
777,789,1
505,488,1
111,73,1
668,679,1
339,359,1
69,53,1
385,394,1
635,640,1
673,682,1
413,425,1
164,167,1
579,565,1
438,452,1
670,687,1
137,162,1
79,58,1
126,112,1
172,176,1
312,371,1
580,555,1
593,597,1
695,672,1
437,420,1
745,735,1
145,143,1
145,141,1
287,281,1
355,341,1
489,491,1
706,712,1
374,368,1
31,41,1
242,248,1
686,681,1
273,278,1
546,533,1
459,465,1
516,467,1
596,601,1
686,687,1
737,745,1
361,373,1
21,16,1
211,197,1
511,529,1
63,104,1
779,792,1
200,203,1
43,44,1
337,270,1
404,430,1
724,735,1
188,194,1
244,248,1
31,40,1
776,802,1
739,747,1
744,746,1
687,683,1
63,91,1
74,50,1
531,550,1
596,600,1
602,607,1
437,404,1
773,759,1
365,371,1
294,324,1
41,17,1
260,245,1
46,51,2
217,202,1
274,286,1
698,702,1
457,459,1
621,628,1
465,472,1
513,515,1
618,632,1
64,48,1
212,215,1
453,414,1
737,740,1
440,507,1
449,420,1
479,459,1
318,320,1
106,85,1
506,486,1
684,681,1
410,424,1
664,665,1
580,560,1
315,784,1
503,495,1
188,179,1
621,629,1
444,451,1
602,604,1
778,785,1
744,735,1
771,745,1
593,542,1
473,464,1
45,92,1
74,56,1
315,280,1
456,458,1
608,181,1
334,371,1
337,360,1
34,100,1
364,313,1
532,538,1
188,192,1
289,297,1
433,439,1
635,631,1
710,701,1
779,789,1
501,507,1
585,570,1
298,310,1
111,118,1
447,412,1
777,811,1
276,281,1
447,449,1
550,534,1
63,55,1
52,182,1
435,416,1
812,785,1
144,153,2
614,631,1
440,447,1
670,681,1
591,595,1
272,295,1
405,408,1
586,595,1
448,406,1
294,297,1
707,712,1
396,389,1
453,405,1
189,193,1
501,485,1
88,95,1
780,798,1
261,262,1
807,780,1
172,174,1
184,169,1
734,732,1
124,120,1
779,812,1
498,492,1
669,673,1
44,675,1
450,427,1
375,312,1
580,570,1
574,584,1
257,368,1
194,482,1
577,581,1
379,369,1
659,661,1
761,764,1
24,16,1
592,599,1
448,413,1
131,81,1
210,214,1
288,275,1
453,429,1
86,93,1
255,249,1
291,280,2
276,279,1
481,440,1
356,345,1
138,152,1
136,119,1
88,94,1
374,379,1
307,310,1
670,683,1
165,172,1
237,220,1
309,313,1
64,57,1
117,123,1
273,275,1
498,487,1
666,622,1
696,681,1
315,802,1
443,451,1
449,419,1
580,572,1
352,345,1
767,774,1
397,194,1
131,115,1
259,263,1
231,238,1
801,791,1
439,446,1
353,356,1
272,294,1
399,194,1
215,202,1
262,250,1
645,651,1
232,793,1
750,757,1
475,468,1
500,502,1
258,261,1
256,305,1
164,175,1
359,343,1
432,452,1
768,765,1
614,640,1
295,328,1
257,251,1
686,673,1
755,764,1
226,786,1
192,177,1
230,238,1
437,443,1
671,683,1
805,811,1
20,233,1
1,6,1
384,392,1
669,687,1
506,494,1
103,106,1
507,490,1
552,561,1
225,228,1
132,118,1
685,682,1
744,745,1
44,78,1
533,536,1
85,92,1
145,157,1
756,765,1
613,588,1
554,584,1
315,311,1
319,302,1
20,5,1
299,311,1
779,784,1
394,398,1
725,180,1
230,223,1
308,312,1
257,342,1
509,520,1
511,520,1
31,36,1
268,250,1
211,200,1
256,246,1
639,617,1
453,407,1
415,423,1
561,571,1
195,198,1
799,798,1
361,376,1
609,405,1
126,117,1
187,173,1
30,7,1
437,431,1
315,316,1
612,599,1
275,285,1
748,728,1
37,42,1
552,558,1
477,469,1
269,244,1
186,183,1
272,278,1
127,119,1
23,37,1
684,673,1
270,791,1
594,599,1
585,565,1
63,60,2
526,558,1
606,609,1
352,344,1
103,89,1
103,81,2
110,114,1
456,457,1
234,219,1
210,208,1
383,470,1
66,68,1
132,73,1
27,11,1
314,306,1
410,421,1
186,52,1
127,73,1
8,13,1
130,132,1
259,265,1
381,365,1
615,616,1
591,594,1
359,347,1
681,683,1
83,86,1
225,237,1
173,181,1
234,221,1
517,518,1
215,217,1
296,297,1
442,414,1
621,646,1
546,549,1
226,236,1
257,265,1
232,805,1
226,222,1
757,765,1
804,790,1
185,165,1
74,54,1
104,99,1
189,166,1
745,729,1
318,306,1
481,402,1
652,656,1
438,413,1
116,61,1
379,381,1
331,312,1
0,34,1
38,16,1
799,806,1
585,572,1
232,796,1
652,654,1
69,56,1
197,200,1
685,694,1
505,483,1
317,311,1
20,29,1
36,4,1
26,30,1
31,33,1
574,563,1
61,123,1
402,417,1
784,793,1
781,798,1
284,307,1
225,219,1
260,262,1
498,402,1
584,563,1
27,7,1
443,419,1
585,555,1
626,630,1
449,451,1
33,9,1
606,588,1
25,38,1
25,26,1
114,120,1
135,114,1
684,679,1
785,792,1
739,729,1
554,585,1
687,689,1
26,10,1
51,121,1
610,590,1
802,784,1
29,42,1
193,194,1
724,739,1
363,365,1
438,406,1
0,3,1
34,42,1
164,170,1
527,513,1
454,427,1
80,46,1
423,430,1
128,116,1
583,573,1
668,687,1
396,459,1
19,32,1
67,92,1
46,56,1
442,429,1
310,311,1
184,178,1
651,655,1
377,313,1
303,308,1
604,609,1
507,483,1
635,636,1
332,294,1
777,785,1
576,573,1
33,40,1
401,425,1
497,482,1
230,231,1
694,676,1
382,396,1
425,426,1
577,584,1
66,62,1
646,647,1
589,600,1
194,204,1
681,646,1
339,352,1
22,6,1
779,805,1
342,348,1
808,796,1
314,309,1
24,6,1
383,458,1
503,483,1
284,286,1
368,372,1
177,180,1
740,736,1
131,112,1
192,182,1
618,624,1
101,103,1
355,347,1
604,593,1
73,123,1
144,140,1
718,720,2
20,239,1
480,501,1
191,180,1
194,177,1
316,293,1
433,421,1
526,578,1
74,78,1
236,224,1
684,695,1
194,613,1
322,326,1
449,405,1
291,327,1
725,736,1
108,60,1
281,284,1
526,528,1
460,464,1
443,420,1
590,597,1
339,356,1
287,275,1
40,2,1
186,180,1
315,317,1
137,144,2
536,539,1
585,560,1
229,241,2
151,152,1
670,682,1
226,231,1
191,52,1
288,296,1
194,651,1
39,3,1
663,698,1
437,451,1
180,182,1
30,11,1
441,427,1
87,93,1
352,342,1
778,792,1
103,87,1
180,736,1
504,491,1
241,246,1
299,317,1
3,12,1
129,46,1
338,342,1
317,303,1
55,120,1
515,467,1
779,785,1
499,508,1
582,557,1
272,284,1
320,270,1
635,621,1
269,254,1
614,621,1
51,59,1
101,93,1
132,61,1
33,36,1
444,404,1
555,570,1
659,666,1
383,474,1
124,55,1
556,563,1
487,493,1
635,639,1
124,112,1
164,190,1
807,808,1
133,116,1
82,94,1
133,117,1
126,116,1
82,104,1
270,345,1
104,97,1
364,366,1
82,91,1
575,576,1
187,60,1
696,624,1
105,60,1
561,564,1
656,658,1
682,703,1
525,516,1
805,807,1
452,403,1
20,32,1
747,748,1
141,143,1
507,488,1
445,406,1
198,199,1
393,400,1
299,295,1
502,503,1
501,492,1
380,370,1
339,350,1
587,611,1
122,123,1
645,656,1
536,537,1
103,107,1
266,254,1
53,59,1
45,100,1
445,413,1
243,261,1
319,305,1
636,682,1
706,722,2
164,189,1
403,412,1
509,523,1
407,411,1
69,77,1
262,252,1
4,11,1
650,654,1
450,60,1
79,46,1
435,421,1
214,208,1
434,425,1
231,237,1
449,407,1
236,223,1
779,315,1
433,438,1
466,472,1
328,331,1
499,491,1
638,622,1
408,419,1
82,95,1
298,300,1
26,18,1
179,180,1
503,440,1
0,15,1
475,464,1
136,118,1
478,463,1
576,556,1
170,175,1
456,464,1
362,381,1
608,599,1
194,183,1
500,194,1
526,561,1
83,34,1
46,50,1
710,682,1
524,520,1
19,5,1
333,331,1
366,368,1
460,463,1
614,636,1
383,457,1
443,404,1
602,611,1
497,504,1
635,641,1
734,742,1
190,194,1
484,485,1
612,181,1
604,588,1
803,792,1
157,158,1
30,2,1
475,463,1
83,108,1
69,74,1
105,155,1
260,268,1
402,426,1
4,7,1
111,119,1
358,345,1
518,519,1
788,793,1
83,85,1
264,271,1
592,595,1
44,686,1
55,122,1
777,812,1
260,266,1
160,161,1
176,178,1
805,789,1
805,812,1
70,58,1
402,439,1
352,353,1
751,767,1
702,704,1
799,796,1
270,285,1
643,622,1
609,595,1
577,563,1
106,109,1
746,732,1
447,194,1
510,526,1
619,632,1
444,419,1
647,655,1
277,286,1
606,589,1
633,637,1
708,702,1
65,67,1
20,230,1
407,422,1
298,301,1
411,425,1
127,118,1
374,375,1
83,101,1
321,330,1
407,428,1
40,8,1
88,98,1
439,413,1
257,248,1
358,350,1
660,657,1
802,804,1
32,4,1
440,487,1
528,502,1
383,473,1
512,308,1
300,312,1
669,682,1
497,502,1
302,310,1
362,359,1
39,15,1
419,429,1
604,612,1
788,797,1
581,582,1
124,122,1
712,621,1
409,416,1
27,28,1
384,386,1
129,136,1
505,492,1
664,667,1
643,618,1
293,329,1
434,60,1
699,650,1
38,13,1
803,780,1
63,57,1
578,569,1
104,95,1
393,389,1
433,441,1
396,400,1
694,683,1
552,581,1
215,199,1
611,596,1
124,115,1
456,471,1
614,632,1
446,194,1
739,749,1
361,379,1
779,788,1
377,365,1
229,358,1
436,406,1
743,731,1
695,674,1
449,424,1
164,171,1
116,121,1
336,331,1
194,390,1
552,566,1
241,219,1
104,94,1
511,516,1
296,278,1
436,413,1
477,479,1
50,183,1
445,428,1
800,807,1
315,793,1
188,171,1
113,46,1
229,258,1
453,424,1
28,17,1
553,561,1
633,635,1
326,331,1
291,328,1
295,335,1
610,181,1
584,566,1
47,100,1
614,643,1
334,331,2
97,98,1
445,422,1
615,628,1
361,334,1
634,629,1
226,781,1
343,348,1
37,1,1
68,71,1
744,726,1
522,515,1
448,409,1
802,798,1
740,744,1
333,325,1
433,449,1
708,698,1
110,81,1
488,495,1
545,540,1
25,8,1
778,807,1
478,464,1
740,741,1
439,410,1
291,294,2
251,253,1
686,677,1
374,257,1
566,572,1
513,521,1
318,304,1
749,727,1
241,270,1
52,180,1
335,273,1
433,467,1
509,522,1
486,494,1
644,660,1
346,347,1
36,13,1
578,567,1
83,84,1
675,676,1
740,734,1
289,292,1
292,294,1
503,507,1
645,647,1
572,573,1
77,61,1
196,198,1
169,178,1
269,270,1
255,229,1
28,35,1
549,540,1
457,461,1
73,118,1
778,806,1
233,221,1
61,121,1
688,680,1
19,17,1
359,381,1
243,247,1
523,516,1
171,181,1
560,565,1
603,598,1
144,160,1
776,783,1
414,415,1
674,683,1
612,594,1
432,462,1
694,695,1
780,785,1
356,348,1
163,171,1
476,464,1
633,623,1
292,277,1
34,4,1
316,270,1
440,405,1
300,307,1
477,465,1
407,409,1
45,86,1
302,312,1
605,542,1
44,56,1
103,135,1
63,48,1
190,179,1
285,286,1
607,542,1
554,564,1
296,284,1
638,628,1
127,131,1
218,240,1
146,153,1
78,51,1
89,97,1
415,421,1
198,209,1
465,469,1
334,312,1
90,94,1
598,600,1
67,62,1
362,313,1
642,629,1
7,12,1
660,648,1
664,655,1
433,444,1
29,16,1
690,672,1
23,29,1
159,147,1
344,347,1
451,410,1
435,451,1
545,548,1
568,571,1
640,631,1
377,378,1
127,133,1
578,561,1
131,114,1
112,113,1
574,573,1
502,505,1
255,248,1
385,388,1
102,92,1
331,362,1
90,96,1
169,179,1
671,688,1
293,277,1
501,493,1
20,1,1
353,270,1
0,24,1
443,427,1
560,572,1
240,222,1
602,591,1
60,406,1
774,758,1
439,453,1
295,327,1
440,410,1
90,95,1
373,376,1
408,420,1
82,98,1
341,348,1
5,9,1
811,794,1
442,431,1
767,775,1
101,109,1
373,380,1
72,78,1
273,331,1
686,449,1
442,443,1
484,487,1
577,567,1
566,570,1
686,691,1
130,51,1
661,652,1
604,405,1
138,141,1
267,270,1
402,502,1
266,253,1
433,194,1
82,47,1
111,131,1
23,32,1
448,411,1
380,369,1
487,495,1
634,722,2
404,418,1
694,681,1
515,518,1
66,70,1
194,599,1
715,722,2
125,61,1
614,633,1
405,412,1
751,768,1
394,194,1
450,429,1
522,530,1
257,270,2
552,578,1
698,701,1
408,431,1
647,656,1
432,435,1
404,421,1
552,574,1
577,569,1
449,418,1
315,308,1
455,432,1
332,295,1
440,403,1
500,402,1
549,538,1
89,91,1
588,181,1
434,437,1
579,562,1
44,53,1
167,50,1
768,772,1
35,16,1
401,416,1
554,563,1
637,638,1
420,428,1
509,516,1
306,313,1
433,434,1
56,61,1
262,254,1
459,467,1
318,300,1
638,629,1
188,181,1
481,501,1
226,228,1
490,493,1
27,6,1
416,427,1
645,646,1
257,371,1
644,622,1
44,74,1
299,284,1
355,345,1
379,364,1
44,677,1
295,280,3
154,141,1
613,542,1
594,595,1
593,600,1
373,366,1
481,487,1
19,26,1
473,462,1
610,592,1
748,730,1
3,17,1
772,755,1
800,784,1
124,113,1
76,60,1
685,683,1
457,472,1
22,28,1
511,522,1
506,483,1
133,119,1
194,622,1
36,39,1
101,105,1
171,175,1
294,331,1
195,212,1
51,54,1
359,367,1
44,703,1
259,246,1
608,600,1
441,445,1
82,45,1
602,596,1
665,647,1
751,761,1
255,265,1
671,674,1
697,703,1
448,428,1
448,422,1
606,600,1
207,199,1
711,624,1
127,130,1
719,722,2
45,85,1
256,263,1
192,50,1
376,363,1
442,450,1
378,312,1
64,49,1
82,88,1
192,168,1
788,796,1
199,203,1
769,773,1
482,490,1
613,593,1
227,233,1
652,655,1
45,54,1
362,257,1
440,492,1
361,375,1
390,392,1
75,62,1
379,359,1
228,239,1
384,391,1
504,494,1
72,51,1
117,119,1
256,318,1
803,794,1
38,39,1
76,55,1
534,536,1
546,541,1
689,683,1
415,418,1
25,29,1
769,745,1
167,168,1
715,723,1
413,419,1
194,654,1
537,538,1
49,58,1
256,313,1
186,175,1
553,577,1
417,429,1
83,103,1
191,165,1
327,330,1
698,682,1
131,61,1
587,600,1
587,602,1
255,257,1
81,53,1
272,289,1
120,122,1
238,221,1
531,548,1
758,765,1
406,413,1
559,566,1
440,407,1
788,794,1
556,573,1
581,583,1
45,46,1
811,780,1
270,790,1
44,77,1
589,593,1
226,229,1
782,793,1
45,99,1
128,118,1
622,628,1
804,798,1
770,753,1
404,424,1
754,764,1
664,652,1
629,630,1
287,297,1
452,429,1
526,539,1
78,56,1
805,810,1
63,79,1
40,11,1
423,426,1
192,193,1
69,73,1
633,638,1
606,181,1
58,62,1
379,363,1
710,698,1
614,634,1
661,667,1
728,730,1
280,282,1
9,15,1
207,216,1
458,468,1
148,150,1
20,235,1
577,561,1
294,270,1
81,50,1
154,157,1
130,116,1
550,535,1
482,488,1
405,423,1
41,9,1
295,274,1
398,194,1
548,392,1
55,57,1
752,764,1
802,797,1
502,308,1
136,51,1
404,405,1
787,788,1
738,728,1
707,682,1
292,284,1
438,411,1
44,51,1
616,639,1
445,409,1
19,23,1
25,11,1
216,205,1
70,46,1
227,280,1
187,175,1
7,17,1
23,8,1
380,363,1
439,403,1
751,763,1
111,128,1
212,216,1
809,798,1
634,628,1
81,56,1
511,523,1
171,174,1
320,313,1
270,349,1
347,348,1
682,683,1
232,781,1
451,403,1
386,391,1
488,493,1
392,543,1
437,427,1
196,203,1
505,493,1
558,560,1
692,677,1
104,47,1
575,583,1
409,417,1
452,414,1
324,327,1
337,229,1
510,514,1
167,177,1
233,219,1
701,705,1
394,399,1
297,285,1
194,600,1
575,564,1
558,565,1
174,60,1
212,207,1
270,313,1
361,368,1
526,513,1
780,789,1
104,98,1
438,442,1
4,17,1
63,49,1
133,61,1
507,482,1
462,466,1
559,563,1
128,61,1
475,462,1
36,16,1
128,114,1
267,269,1
429,430,1
132,135,1
624,631,1
804,781,1
441,429,1
288,280,1
674,676,1
338,350,1
772,762,1
391,392,1
226,237,1
194,488,1
739,727,1
327,331,1
444,427,1
48,52,1
308,521,1
484,496,1
203,204,1
595,600,1
111,133,1
669,694,1
661,655,1
125,129,1
616,641,1
320,312,1
482,495,1
602,589,1
779,786,1
770,755,1
338,360,1
321,328,1
640,621,1
83,96,1
294,276,1
552,563,1
73,119,1
162,154,1
218,20,1
108,84,1
214,206,1
126,132,1
808,781,1
590,595,1
269,253,1
37,38,1
60,427,1
650,657,1
392,539,1
83,98,1
345,350,1
696,703,1
45,97,1
237,249,1
697,707,1
193,169,1
684,449,1
453,431,1
606,542,1
217,203,1
717,723,1
449,450,1
802,806,1
402,504,1
40,7,1
376,369,1
668,677,1
767,773,1
684,691,1
88,97,1
186,167,1
432,447,1
577,566,1
558,572,1
358,340,1
806,791,1
234,237,1
706,682,1
26,6,1
69,71,1
175,178,1
436,452,1
306,280,1
517,467,1
44,680,1
310,312,1
637,626,1
19,12,1
225,222,1
95,100,1
295,283,1
811,787,1
180,50,1
457,460,1
466,469,1
605,600,1
672,620,1
277,284,1
319,313,1
260,263,1
409,426,1
324,280,1
125,117,1
338,257,1
800,798,1
194,181,2
518,520,1
76,58,1
529,517,1
639,631,1
25,2,1
155,158,1
512,513,1
481,491,1
453,420,1
602,597,1
194,421,1
547,537,1
211,201,1
81,51,2
111,116,1
473,474,1
8,14,1
270,786,1
184,165,1
332,326,1
38,14,1
410,430,1
588,599,1
190,171,1
776,804,1
803,787,1
438,409,1
777,786,1
644,659,1
218,237,1
373,313,1
445,486,1
725,747,1
574,571,1
605,598,1
635,619,1
614,619,1
160,153,1
446,449,1
556,571,1
663,704,1
231,221,1
401,438,1
506,488,1
527,530,1
776,810,1
107,91,1
194,483,1
181,542,1
180,733,1
173,174,1
446,412,1
527,515,1
608,611,1
227,220,1
393,388,1
544,543,1
289,276,1
611,591,1
806,809,1
275,276,1
408,424,1
682,624,1
800,792,1
805,783,1
385,400,1
740,733,1
89,99,1
442,424,1
90,98,1
636,643,1
438,408,1
490,495,1
265,246,1
422,429,1
579,567,1
686,679,1
131,119,1
481,508,1
725,743,1
445,411,1
526,563,1
134,81,1
192,183,1
28,5,1
411,429,1
579,569,1
524,516,1
731,733,1
445,494,1
587,599,1
226,219,1
407,413,1
179,183,1
187,167,1
482,483,1
91,60,1
402,436,1
234,791,1
314,303,1
760,765,1
381,368,1
67,73,1
639,640,1
761,765,1
79,49,1
279,281,1
457,466,1
257,241,1
319,309,1
553,569,1
337,257,1
734,749,1
104,88,1
462,472,1
363,367,1
441,414,1
633,632,1
277,280,1
31,9,1
339,353,1
792,794,1
402,430,1
615,629,1
262,244,1
435,425,1
685,693,1
162,105,1
810,783,1
802,795,1
34,91,1
453,419,1
153,158,1
476,463,1
553,567,1
555,557,1
707,701,1
809,790,1
133,114,1
130,117,1
664,653,1
339,342,1
697,706,1
34,60,1
32,15,1
104,45,1
449,431,1
786,789,1
185,190,1
803,808,1
291,284,1
418,422,1
500,487,1
668,694,1
694,679,1
411,414,1
234,797,1
689,690,1
503,490,1
551,538,1
604,601,1
426,427,1
491,494,1
755,765,1
226,238,1
78,50,1
544,533,1
809,794,1
418,428,1
167,183,1
402,482,1
771,759,1
365,368,1
540,543,1
580,562,1
128,119,1
453,404,1
161,158,1
352,348,1
129,113,1
574,576,1
296,275,1
331,365,1
498,445,1
554,571,1
77,79,1
623,625,1
432,463,1
88,99,1
546,544,1
401,421,1
685,692,1
478,457,1
737,746,1
724,727,1
44,50,1
426,428,1
288,270,1
229,341,1
586,587,1
560,570,1
502,485,1
234,238,1
43,61,1
756,759,1
742,728,1
368,369,1
668,680,1
359,364,1
194,168,1
185,189,1
304,309,1
614,620,1
41,1,1
579,561,1
762,763,1
50,182,1
606,599,1
480,486,1
267,253,1
300,308,1
338,347,1
745,763,1
242,268,1
620,629,1
34,108,1
768,759,1
279,283,1
644,654,1
229,345,1
513,516,1
787,797,1
776,778,1
689,672,1
314,300,1
473,471,1
42,9,1
273,286,1
185,177,1
228,233,1
580,569,1
637,623,1
608,542,1
103,47,1
130,131,1
634,642,1
436,411,1
779,782,1
402,433,1
799,791,1
776,806,1
90,93,1
792,795,1
448,423,1
194,490,1
363,370,1
395,396,1
268,271,1
294,273,2
605,609,1
108,100,1
298,318,1
194,50,1
408,418,1
770,771,1
187,174,1
23,5,1
37,41,1
257,259,1
414,428,1
91,99,1
169,50,1
34,3,1
243,267,1
367,370,1
231,232,1
171,179,1
506,194,1
772,757,1
711,681,1
608,593,1
145,142,1
684,692,1
36,18,1
1,11,1
442,418,1
87,92,1
675,680,1
8,10,1
523,520,1
234,796,1
21,3,1
549,536,1
403,407,1
325,327,1
19,38,1
167,178,1
742,735,1
50,57,1
505,495,1
124,46,1
433,405,1
553,571,1
149,154,2
32,3,1
103,98,1
452,60,1
436,442,1
544,541,1
51,52,1
101,92,1
208,209,1
580,561,1
103,88,1
807,809,1
745,754,1
810,812,1
443,429,1
406,409,1
215,209,1
242,246,1
799,805,1
2,12,1
413,423,1
78,53,1
485,493,1
433,407,1
45,55,1
413,431,1
582,558,1
701,704,1
375,377,1
673,683,1
258,260,1
432,464,1
84,87,1
126,127,1
331,378,1
26,28,1
193,166,1
433,430,1
44,73,1
115,119,1
777,803,1
237,224,1
169,181,1
672,682,1
82,96,1
800,795,1
137,153,2
674,675,1
414,422,1
344,345,1
514,516,1
131,73,1
245,246,1
364,365,1
478,458,1
447,409,1
805,806,1
481,484,1
403,406,1
741,731,1
83,100,1
336,273,1
67,71,1
582,583,1
150,155,1
611,598,1
378,381,1
135,123,1
677,680,1
587,542,1
587,606,1
174,176,1
45,60,2
153,154,2
533,538,1
272,280,1
476,457,1
503,492,1
643,623,1
230,232,1
60,423,1
421,426,1
316,302,1
325,280,1
373,364,1
374,366,1
44,49,1
163,167,1
403,405,1
481,492,1
449,416,1
697,702,1
68,49,1
530,521,1
44,710,1
198,208,1
779,799,1
190,181,1
339,229,1
435,423,1
401,418,1
609,597,1
609,194,1
716,717,2
166,60,1
523,521,1
236,220,1
258,250,1
511,521,1
687,690,1
187,189,1
176,50,1
449,680,1
193,178,1
353,343,1
29,31,1
481,496,1
806,796,1
43,46,1
187,190,1
562,566,1
410,417,1
617,619,1
37,40,1
453,415,1
621,681,1
150,152,2
271,250,1
314,304,1
145,106,2
265,270,1
715,720,2
442,451,1
435,420,1
587,181,1
685,449,1
362,368,1
193,181,1
684,693,1
809,780,1
381,313,1
564,568,1
707,681,1
164,165,1
500,494,1
770,762,1
185,170,1
194,416,1
616,628,1
46,118,1
413,424,1
187,170,1
256,265,1
378,371,1
314,256,1
519,521,1
695,678,1
802,782,1
255,263,1
163,175,1
476,470,1
27,10,1
685,691,1
662,622,1
226,801,1
535,539,1
766,774,1
803,234,1
39,42,1
360,347,1
24,15,1
530,513,1
73,114,1
436,428,1
110,135,1
737,748,1
48,59,1
303,304,1
361,381,1
668,675,1
753,758,1
134,119,1
91,97,1
607,600,1
113,55,1
440,506,1
36,10,1
708,711,1
769,764,1
20,224,1
438,428,1
321,333,1
173,175,1
378,359,1
370,372,1
739,180,1
20,240,1
438,422,1
316,331,1
510,513,1
29,4,1
436,422,1
724,180,1
799,793,1
334,293,1
415,416,1
35,4,1
102,93,1
130,133,1
405,430,1
126,61,1
379,380,1
544,538,1
281,283,1
810,811,1
745,180,1
287,274,1
686,692,1
185,183,1
82,84,1
396,390,1
441,451,1
668,670,1
455,456,1
776,777,1
8,18,1
124,136,1
321,327,1
441,407,1
433,436,1
76,46,1
384,397,1
686,695,1
354,357,1
403,413,1
188,165,1
432,403,1
595,542,1
707,708,1
489,492,1
498,495,1
225,234,1
757,759,1
771,772,1
751,775,1
22,8,1
721,722,2
95,99,1
337,344,1
672,673,1
800,797,1
232,809,1
95,97,1
479,466,1
321,316,1
696,712,1
404,407,1
597,181,1
380,372,1
400,387,1
10,15,1
131,118,1
290,285,1
64,58,1
686,693,1
709,712,1
189,176,1
382,394,1
127,51,1
807,791,1
359,372,1
121,122,1
634,624,1
321,280,1
613,600,1
38,10,1
636,709,1
202,208,1
262,247,1
445,412,1
545,536,1
4,12,1
692,672,1
701,630,1
449,675,1
417,427,1
580,567,1
693,676,1
406,411,1
159,162,1
806,788,1
725,739,1
160,156,1
31,42,1
445,449,1
1,2,1
20,38,1
24,11,1
460,470,1
0,42,1
135,121,1
435,443,1
446,454,1
194,199,1
526,566,1
415,424,1
554,574,1
642,628,1
784,798,1
774,775,1
27,30,1
547,534,1
361,359,1
373,257,1
728,736,1
779,803,1
590,405,1
585,569,1
508,495,1
395,387,1
532,549,1
241,253,1
44,646,1
287,276,1
264,267,1
153,105,2
435,431,1
111,117,1
161,105,1
38,18,1
81,117,1
316,330,1
538,543,1
437,445,1
609,613,1
636,639,1
243,252,1
478,470,1
526,581,1
635,625,1
718,723,1
175,176,1
256,248,1
442,448,1
534,540,1
103,45,1
137,151,1
132,81,1
357,340,1
666,654,1
112,46,1
332,324,1
586,591,1
717,722,2
68,52,1
462,469,1
75,79,1
103,95,1
444,429,1
266,270,1
474,468,1
770,757,1
464,471,1
799,802,1
474,476,1
455,467,1
234,782,1
134,115,1
699,705,1
242,259,1
474,475,1
187,177,1
749,731,1
49,60,1
556,564,1
634,715,2
674,680,1
697,700,1
190,165,1
738,744,1
382,390,1
413,420,1
585,567,1
633,626,1
458,459,1
531,536,1
84,89,1
499,494,1
207,209,1
402,407,1
562,563,1
669,44,1
146,150,1
228,230,1
454,403,1
132,112,1
434,427,1
243,264,1
643,627,1
68,75,1
538,541,1
402,444,1
532,535,1
687,672,1
444,414,1
24,3,1
401,424,1
227,219,1
610,612,1
55,61,2
743,748,1
663,621,1
747,728,1
322,333,1
790,797,1
615,642,1
706,715,2
129,130,1
725,726,1
65,62,1
712,698,1
104,84,1
73,115,1
270,351,1
374,313,1
181,600,1
406,428,1
133,73,1
406,422,1
574,568,1
598,601,1
4,5,1
546,538,1
185,175,1
468,471,1
394,389,1
218,234,1
163,181,1
614,625,1
475,471,1
322,327,1
413,418,1
424,426,1
769,752,1
550,551,1
636,641,1
306,310,1
25,5,1
229,244,1
800,802,1
331,377,1
777,232,1
316,273,1
716,721,2
89,60,1
66,67,1
88,100,1
778,810,1
235,220,1
463,471,1
709,646,1
83,93,1
270,248,1
299,316,1
322,280,1
94,97,1
433,454,1
640,630,1
50,54,1
435,419,1
501,495,1
284,311,1
24,2,1
34,99,1
227,239,1
110,121,1
447,428,1
652,653,1
756,757,1
671,678,1
739,746,1
315,307,1
298,309,1
402,405,1
780,783,1
49,55,1
191,171,1
82,100,1
319,303,1
691,692,1
214,217,1
443,423,1
516,518,1
672,681,1
337,342,1
479,465,1
166,173,1
439,447,1
512,530,1
605,606,1
714,721,2
697,646,1
127,116,1
45,58,1
384,398,1
696,646,1
237,268,1
553,575,1
447,422,1
779,226,1
103,121,1
246,248,1
287,283,1
739,736,1
299,280,1
644,650,1
742,744,1
116,123,1
577,585,1
455,465,1
655,656,1
215,208,1
20,26,1
434,440,1
773,765,1
435,404,1
504,486,1
213,216,1
288,273,1
40,6,1
186,171,1
258,252,1
81,116,1
586,610,1
614,617,1
44,676,1
485,495,1
71,80,1
327,273,1
670,689,1
280,310,1
660,663,1
278,286,1
256,257,1
134,114,1
450,414,1
408,421,1
125,51,1
713,717,2
385,389,1
574,564,1
22,7,1
379,372,1
402,412,1
404,416,1
128,73,1
22,2,1
449,421,1
200,201,1
456,468,1
801,786,1
452,427,1
322,316,1
663,648,1
749,180,1
781,793,1
588,595,1
576,579,1
384,395,1
402,194,2
639,621,1
240,241,1
136,116,1
409,430,1
144,158,1
711,682,1
812,783,1
0,22,1
610,593,1
779,232,1
436,409,1
740,749,1
361,257,1
149,105,2
498,485,1
401,450,1
641,628,1
138,143,1
267,244,1
442,404,1
194,417,1
553,564,1
670,44,1
314,318,1
25,32,1
283,284,1
227,230,1
448,412,1
432,473,1
60,414,1
64,46,1
46,119,1
437,423,1
292,279,1
619,625,1
729,736,1
179,182,1
778,783,1
626,631,1
669,689,1
410,426,1
481,507,1
602,601,1
34,15,1
60,429,1
184,180,1
501,440,1
229,254,1
241,269,1
28,12,1
442,419,1
314,313,1
47,99,1
713,721,2
127,117,1
691,693,1
454,410,1
89,96,1
567,573,1
411,423,1
187,183,1
71,59,1
621,624,2
745,726,1
304,310,1
688,675,1
110,123,1
68,81,1
432,457,1
63,67,2
101,90,1
393,194,1
230,221,1
811,270,1
377,379,1
734,733,1
446,430,1
336,324,1
597,599,1
500,496,1
641,629,1
709,701,1
443,414,1
184,52,1
810,796,1
266,269,1
745,760,1
194,386,1
128,129,1
377,334,1
437,429,1
2,17,1
401,446,1
133,118,1
65,68,1
399,391,1
21,15,1
185,167,1
556,568,1
71,45,1
402,434,1
422,427,1
292,281,1
339,257,1
706,681,1
145,139,1
1,7,1
440,453,1
532,546,1
30,6,1
502,530,1
565,573,1
21,34,1
656,657,1
780,796,1
554,566,1
711,702,1
167,182,1
354,345,1
563,573,1
401,448,1
402,449,1
509,530,1
633,620,1
114,46,1
13,17,1
376,381,1
535,537,1
94,99,1
230,236,1
608,612,1
364,368,1
750,765,1
498,493,1
392,541,1
620,628,1
739,745,1
442,420,1
500,484,1
547,539,1
263,248,1
34,86,1
76,54,1
646,622,1
717,720,2
586,594,1
654,656,1
243,250,1
36,14,1
170,182,1
71,47,1
237,262,1
257,246,1
665,646,1
432,410,1
487,488,1
778,804,1
337,353,1
451,453,1
441,425,1
295,336,1
638,632,1
261,271,1
103,123,1
334,324,1
67,96,1
24,8,1
612,596,1
432,458,1
636,619,1
500,486,1
0,25,1
586,596,1
47,97,1
506,482,1
616,629,1
33,42,1
402,441,1
448,449,1
551,541,1
508,493,1
811,781,1
661,653,1
178,182,1
341,350,1
707,624,1
596,542,1
576,583,1
46,61,2
778,790,1
696,710,1
420,431,1
111,51,1
136,117,1
644,661,1
376,359,1
810,789,1
22,11,1
474,479,1
529,520,1
298,313,1
481,485,1
12,17,1
476,458,1
160,152,1
271,252,1
660,664,1
554,581,1
103,94,1
437,414,1
647,651,1
447,411,1
190,174,1
686,620,1
65,50,1
185,192,1
124,125,1
195,208,1
232,224,1
396,466,1
154,139,1
575,566,1
445,490,1
30,14,1
522,518,1
451,194,1
505,489,1
21,9,1
262,241,1
575,581,1
238,224,1
554,560,1
771,774,1
378,366,1
130,112,1
41,42,1
74,48,1
12,16,1
466,467,1
747,749,1
27,14,1
750,752,1
432,453,1
770,758,1
237,263,1
510,522,1
67,100,1
606,611,1
291,276,1
304,313,1
373,363,1
32,2,1
509,527,1
588,594,1
772,764,1
145,140,1
688,694,1
255,246,1
129,135,1
162,156,1
184,167,1
703,681,1
71,76,1
432,470,1
45,87,1
44,712,1
808,794,1
89,90,1
482,494,1
709,699,1
614,626,1
699,624,1
125,114,1
554,572,1
437,417,1
781,794,1
411,427,1
759,762,1
663,681,1
655,657,1
773,760,1
1,3,1
316,325,1
595,599,1
192,60,1
82,93,1
586,542,1
65,56,1
475,469,1
101,95,1
710,702,1
293,283,1
554,555,1
594,601,1
768,757,1
153,157,1
434,416,1
802,786,1
782,798,1
574,578,1
452,409,1
243,253,1
43,62,1
448,194,1
75,57,1
401,437,1
712,702,1
778,797,1
580,566,1
693,678,1
273,276,1
29,30,1
260,250,1
445,495,1
560,569,1
664,657,1
738,180,1
581,556,1
194,652,1
753,762,1
229,231,1
102,100,1
681,682,2
274,283,1
200,202,1
147,106,2
319,307,1
688,620,1
88,60,1
293,274,1
40,41,1
438,449,1
159,158,1
189,180,1
241,254,1
407,418,1
19,1,1
214,199,1
340,348,1
777,315,1
734,746,1
622,656,1
261,250,1
103,131,1
52,60,2
640,625,1
800,790,1
724,742,1
517,519,1
226,790,1
4,10,1
697,712,1
19,33,1
73,117,1
101,94,1
263,269,1
622,624,1
331,366,1
291,323,1
104,87,1
270,342,1
212,200,1
668,686,1
191,170,1
767,770,1
735,736,1
772,754,1
696,44,1
438,412,1
742,745,1
231,241,1
447,406,1
769,772,1
401,440,1
189,52,1
440,495,1
258,254,1
807,788,1
570,572,1
229,350,1
389,392,1
685,677,1
689,680,1
799,232,1
560,567,1
614,627,1
402,488,1
234,811,1
576,563,1
405,417,1
136,121,1
467,472,1
135,51,1
366,371,1
663,667,1
740,730,1
506,507,1
75,48,1
473,479,1
138,151,1
488,492,1
668,44,1
686,672,1
607,589,1
261,264,1
446,417,1
621,682,1
34,93,1
83,67,1
134,136,1
407,424,1
52,55,1
449,676,1
402,425,1
318,284,1
784,785,1
78,80,1
218,231,1
497,505,1
35,36,1
49,57,1
298,320,1
418,419,1
130,55,1
43,55,1
812,797,1
28,29,1
72,60,1
287,288,1
35,40,1
313,370,1
402,483,1
194,409,1
32,11,1
290,277,1
109,84,1
300,313,1
144,105,2
27,39,1
549,392,1
802,790,1
505,487,1
612,613,1
55,59,1
404,409,1
383,396,2
544,535,1
606,592,1
752,765,1
144,149,2
437,426,1
583,559,1
38,9,1
76,61,1
808,270,1
44,620,1
706,723,1
750,764,1
37,4,1
449,417,1
323,325,1
163,176,1
741,180,1
78,47,1
674,677,1
26,8,1
698,630,1
33,35,1
808,790,1
401,60,1
559,571,1
610,594,1
36,9,1
718,722,2
383,386,1
104,107,1
447,405,1
669,670,1
135,117,1
778,782,1
292,274,1
363,368,1
607,592,1
164,172,1
394,388,1
557,564,1
119,120,1
245,250,1
716,718,2
308,311,1
259,262,1
679,683,1
690,675,1
742,748,1
418,431,1
74,57,1
644,664,1
692,679,1
299,302,1
587,588,1
34,38,1
742,746,1
1,15,1
172,177,1
272,288,1
606,607,1
78,54,1
686,690,1
103,90,1
66,76,1
320,309,1
227,309,1
278,280,1
775,752,1
194,391,1
727,730,1
72,55,1
92,93,1
227,20,1
405,426,1
52,58,1
78,45,1
81,84,1
755,757,1
662,650,1
510,516,1
672,680,1
650,705,1
78,59,1
263,270,1
620,623,1
234,240,1
358,348,1
34,89,1
151,139,1
149,153,2
229,257,2
264,253,1
232,812,1
452,411,1
410,414,1
477,467,1
153,143,1
226,233,1
776,785,1
418,420,1
396,460,1
441,452,1
459,470,1
753,755,1
330,331,1
137,150,2
262,270,1
743,733,1
410,429,1
526,515,1
581,564,1
64,68,1
67,69,1
186,166,1
443,403,1
189,191,1
804,810,1
587,609,1
522,528,1
111,126,1
706,716,2
774,755,1
73,116,1
331,313,1
664,649,1
272,277,1
455,478,1
383,469,1
317,319,1
602,181,1
102,96,1
226,799,1
163,172,1
256,306,1
212,201,1
44,692,1
659,648,1
698,704,1
232,789,1
82,103,1
669,675,1
162,152,1
44,693,1
531,541,1
403,410,1
708,646,1
229,265,1
87,60,1
56,60,1
138,153,1
525,502,1
317,312,1
580,581,1
498,489,1
636,625,1
32,7,1
194,165,1
434,408,1
128,81,1
801,234,1
397,387,1
404,413,1
173,182,1
33,3,1
550,544,1
803,805,1
43,60,1
691,674,1
579,585,1
269,246,1
507,194,1
522,524,1
107,100,1
636,632,1
433,425,1
444,403,1
440,427,1
385,194,1
516,308,1
615,624,1
793,796,1
191,175,1
86,94,1
434,438,1
346,350,1
783,785,1
126,128,1
191,167,1
425,431,1
671,692,1
672,675,1
151,106,1
226,804,1
613,592,1
356,340,1
256,251,1
438,439,1
216,201,1
490,494,1
277,282,1
439,440,1
479,460,1
450,405,1
669,680,1
565,570,1
421,427,1
64,54,1
690,683,1
107,84,1
28,32,1
649,651,1
184,170,1
768,771,1
34,81,1
523,526,1
504,482,1
104,89,1
194,413,1
266,271,1
484,492,1
243,255,1
44,66,1
673,680,1
378,313,1
71,62,1
321,293,1
636,617,1
473,475,1
165,173,1
258,244,1
194,594,1
741,733,1
65,78,1
554,578,1
124,121,1
689,675,1
677,678,1
27,18,1
809,791,1
434,421,1
685,676,1
211,216,1
404,406,1
376,367,1
501,489,1
101,45,1
447,407,1
696,709,1
711,621,1
44,685,1
611,593,1
315,785,1
809,810,1
447,452,1
745,753,1
714,720,2
234,810,1
354,359,1
376,378,1
359,370,1
465,468,1
105,91,1
172,182,1
502,487,1
214,200,1
406,410,1
616,620,1
53,56,1
12,13,1
416,422,1
379,367,1
604,605,1
226,783,1
86,95,1
416,428,1
514,519,1
29,14,1
236,239,1
186,181,1
383,455,1
129,123,1
725,732,1
265,268,1
433,479,1
751,756,1
381,367,1
402,490,1
646,653,1
745,747,1
226,810,1
259,249,1
101,88,1
502,518,1
754,755,1
0,6,1
450,411,1
270,301,1
194,406,1
40,9,1
126,114,1
257,249,1
808,787,1
526,584,1
688,682,1
52,179,1
610,591,1
531,543,1
315,227,1
575,563,1
101,47,1
288,282,1
443,453,1
55,121,1
726,736,1
20,9,1
229,248,1
338,358,1
640,618,1
256,304,1
708,701,1
554,570,1
684,676,1
65,49,1
581,571,1
270,310,1
692,695,1
693,683,1
727,728,1
563,568,1
609,592,1
220,223,1
228,220,1
512,519,1
611,612,1
525,467,1
293,335,1
668,620,1
168,174,1
227,284,1
529,515,1
465,467,1
438,194,1
168,179,1
127,132,1
741,727,1
299,305,1
36,40,1
784,789,1
30,18,1
647,648,1
290,294,1
337,351,1
450,407,1
256,266,1
24,32,1
418,424,1
475,479,1
217,197,1
243,269,1
480,445,1
488,490,1
26,7,1
491,496,1
774,753,1
699,630,1
775,754,1
26,2,1
102,103,1
34,1,1
264,254,1
396,387,1
473,476,1
60,428,1
73,51,2
103,127,1
509,467,1
708,712,1
4,18,1
740,731,1
779,798,1
725,731,1
60,422,1
291,282,1
383,461,1
629,632,1
36,41,1
439,405,1
721,723,1
30,10,1
800,783,1
20,232,1
508,482,1
586,599,1
771,754,1
167,60,1
402,445,2
766,754,1
452,406,1
482,486,1
531,533,1
691,678,1
241,244,1
309,312,1
585,564,1
52,173,1
190,170,1
441,406,1
22,32,1
783,796,1
455,477,1
409,412,1
396,472,1
298,308,1
448,430,1
800,810,1
353,346,1
637,628,1
808,780,1
610,596,1
343,350,1
332,293,1
443,410,1
804,811,1
214,201,1
546,526,1
777,795,1
485,496,1
212,214,1
481,486,1
738,736,1
665,194,1
226,220,1
557,573,1
60,181,1
547,543,1
526,568,1
565,572,1
44,71,1
170,60,1
232,784,1
699,704,1
296,286,1
510,523,1
210,199,1
194,171,1
34,96,1
73,78,1
79,52,1
352,346,1
461,470,1
130,115,1
453,416,1
609,590,1
748,736,1
28,7,1
234,220,1
441,413,1
574,561,1
256,249,1
270,347,1
353,348,1
560,561,1
616,642,1
374,376,1
199,204,1
239,219,1
337,358,1
83,104,1
777,798,1
446,426,1
83,91,1
168,170,1
780,781,1
776,781,1
66,52,1
594,405,1
439,427,1
591,600,1
501,503,1
803,809,1
639,642,1
128,135,1
512,467,1
641,630,1
398,391,1
216,200,1
73,112,1
382,400,1
547,533,1
131,51,1
25,6,1
248,251,1
187,182,1
216,197,1
479,461,1
294,277,1
638,624,1
359,349,1
117,61,1
344,350,1
613,590,1
229,238,1
435,427,1
648,622,1
671,693,1
22,29,1
71,72,1
184,175,1
454,406,1
112,55,1
235,219,1
438,444,1
186,193,1
263,241,1
417,423,1
337,343,1
479,472,1
26,11,1
640,617,1
174,181,1
47,92,1
376,365,1
772,752,1
539,540,1
104,106,1
445,488,1
444,410,1
29,18,1
184,176,1
552,555,1
55,123,1
66,75,1
354,356,1
408,410,1
552,560,1
2,5,1
295,329,1
623,631,1
442,417,1
191,181,1
663,655,1
294,286,1
29,10,1
637,629,1
454,413,1
439,407,1
602,599,1
222,223,1
545,535,1
474,471,1
636,698,1
638,620,1
66,81,1
232,811,1
704,705,1
46,49,1
206,209,1
444,453,1
149,155,1
338,357,1
445,427,1
440,60,1
69,79,1
515,308,1
586,589,1
205,208,1
241,223,1
407,421,1
507,487,1
126,119,1
340,345,1
234,783,1
104,81,1
731,732,1
451,430,1
614,638,1
43,58,1
275,277,1
194,653,1
128,130,1
450,409,1
171,173,1
438,415,1
547,392,1
433,475,1
289,277,1
438,441,1
124,123,1
447,413,1
559,564,1
710,621,1
31,35,1
587,597,1
243,254,1
264,269,1
260,264,1
39,6,1
193,174,1
741,734,1
433,445,1
665,651,1
377,370,1
376,380,1
554,565,1
248,249,1
809,811,1
563,564,1
111,130,1
292,283,1
800,804,1
383,384,1
383,387,1
60,411,1
72,58,1
545,551,1
256,300,1
668,685,1
767,756,1
151,142,1
181,599,1
32,34,1
744,732,1
787,789,1
147,140,1
396,461,1
164,185,1
195,202,1
315,812,1
79,45,1
664,650,1
216,206,1
807,786,1
226,811,1
23,7,1
586,602,1
382,389,1
504,490,1
804,806,1
546,547,1
625,631,1
659,664,1
81,98,1
34,87,1
645,659,1
499,482,1
402,446,1
414,427,1
373,372,1
643,624,1
245,252,1
185,180,1
730,180,1
574,567,1
574,569,1
84,94,1
436,423,1
481,483,1
168,175,1
777,802,1
287,277,1
741,743,1
186,168,1
440,423,1
0,35,1
319,308,1
241,247,1
637,624,1
375,369,1
396,474,1
506,492,1
108,94,1
438,430,1
417,425,1
185,169,1
51,60,1
747,733,1
125,73,1
2,8,1
47,90,1
103,117,1
547,541,1
293,336,1
405,600,1
695,682,1
23,11,1
609,599,1
258,247,1
528,308,1
590,591,1
112,120,1
433,476,1
185,52,1
296,277,1
405,416,1
81,112,1
446,416,1
20,221,1
622,651,1
512,502,1
184,171,1
745,756,1
165,174,1
415,431,1
440,414,1
497,489,1
357,341,1
692,693,1
362,377,1
407,416,1
740,728,1
44,81,1
81,47,2
603,594,1
207,217,1
696,698,1
84,95,1
720,721,2
357,348,1
288,291,1
747,732,1
190,167,1
274,279,1
781,788,1
198,206,1
79,47,1
268,249,1
129,81,1
130,46,1
436,194,1
331,257,1
412,415,1
577,573,1
526,580,1
85,60,1
412,427,1
20,223,1
394,392,1
250,253,1
523,513,1
665,658,1
501,445,1
396,469,1
366,312,1
558,564,1
529,521,1
586,600,1
444,423,1
53,54,1
129,121,1
139,142,1
225,235,1
333,294,1
574,558,1
586,181,1
112,122,1
500,505,1
299,270,1
385,386,1
86,88,1
445,506,1
60,409,1
729,180,1
768,762,1
35,1,1
73,53,1
528,519,1
506,490,1
793,794,1
274,277,1
475,476,1
733,736,1
745,755,1
450,452,1
676,683,1
779,802,1
439,60,1
312,313,2
739,733,1
20,36,1
524,527,1
193,175,1
750,745,1
57,59,1
592,598,1
432,60,1
706,634,2
403,415,1
523,529,1
713,716,2
21,25,1
402,489,1
698,705,1
423,424,1
77,81,1
79,59,1
186,50,1
706,709,1
315,789,1
3,9,1
109,100,1
290,284,1
31,15,1
242,262,1
434,417,1
534,542,1
480,495,1
605,610,1
483,493,1
805,781,1
261,252,1
379,370,1
247,248,1
113,117,1
173,177,1
769,765,1
51,55,2
746,747,1
194,179,1
262,253,1
530,467,1
709,705,1
337,349,1
453,421,1
275,282,1
623,632,1
31,34,1
111,103,1
337,340,1
125,118,1
166,176,1
80,47,1
432,440,1
243,241,1
1,4,1
375,363,1
663,656,1
464,467,1
499,504,1
592,600,1
147,139,1
459,464,1
777,799,1
374,365,1
473,468,1
642,624,1
33,15,1
25,28,1
317,270,1
639,632,1
271,247,1
44,52,1
437,430,1
606,593,1
476,467,1
75,55,1
503,508,1
776,811,1
402,451,1
27,16,1
390,391,1
81,45,2
492,495,1
701,682,1
455,471,1
164,187,1
135,116,1
522,514,1
434,426,1
30,13,1
257,347,1
80,59,1
4,14,1
402,503,1
589,595,1
60,95,1
553,585,1
214,205,1
476,465,1
674,682,1
502,482,1
193,170,1
358,346,1
415,420,1
462,464,1
73,56,1
60,94,1
509,517,1
561,573,1
166,174,1
79,80,1
44,75,1
225,227,1
768,755,1
574,577,1
584,571,1
81,59,1
474,462,1
527,517,1
266,267,1
148,151,1
381,364,1
710,700,1
322,335,1
227,317,1
367,372,1
73,50,1
228,224,1
401,453,1
499,502,1
81,88,1
232,810,1
261,267,1
646,652,1
22,12,1
194,206,1
630,631,1
21,22,1
636,663,1
642,620,1
415,425,1
23,2,1
773,756,1
445,483,1
618,619,1
605,595,1
503,491,1
663,654,1
360,351,1
131,133,1
750,773,1
289,296,1
251,254,1
80,45,1
228,235,1
749,729,1
284,305,1
435,445,1
30,37,1
802,232,1
51,122,1
75,60,1
576,578,1
511,512,1
179,50,1
462,463,1
45,52,1
706,720,2
92,96,1
510,520,1
638,642,1
687,688,1
804,797,1
294,296,1
192,173,1
432,437,1
255,237,1
173,183,1
811,792,1
442,421,1
149,152,2
339,351,1
446,421,1
126,81,1
754,762,1
28,11,1
781,795,1
571,573,1
196,212,1
26,37,1
190,175,1
171,60,1
526,537,1
628,630,1
225,224,1
809,812,1
567,568,1
29,35,1
426,430,1
374,378,1
321,326,1
443,408,1
415,419,1
633,622,1
114,116,1
133,112,1
407,423,1
755,759,1
218,238,1
526,519,1
583,563,1
440,429,1
481,488,1
590,596,1
170,176,1
318,303,1
511,519,1
783,789,1
636,620,1
616,624,1
321,322,1
108,95,1
606,612,1
360,349,1
86,98,1
600,601,1
383,476,1
22,17,1
20,41,1
433,414,1
663,624,1
356,342,1
65,74,1
172,183,1
0,10,1
107,45,1
766,764,1
25,7,1
614,635,1
289,293,1
4,13,1
604,597,1
186,179,1
433,429,1
81,121,1
108,98,1
270,282,1
775,764,1
195,213,1
577,556,1
84,47,1
744,748,1
102,47,1
673,676,1
21,42,1
71,52,1
609,181,1
295,325,1
448,454,1
19,40,1
479,469,1
610,599,1
315,811,1
136,123,1
803,270,1
376,372,1
226,812,1
576,581,1
738,727,1
355,343,1
270,305,1
441,423,1
432,427,1
443,60,1
645,622,1
166,170,1
406,407,1
590,593,1
185,166,1
450,406,1
383,475,1
405,421,1
45,89,1
450,413,1
743,744,1
229,263,1
34,35,1
477,470,1
262,269,1
595,181,1
52,181,1
265,249,1
662,666,1
360,346,1
774,762,1
783,792,1
232,220,1
575,584,1
244,249,1
257,370,1
257,268,1
562,568,1
611,592,1
28,2,1
607,590,1
159,154,1
360,342,1
194,491,1
107,88,1
300,310,1
614,623,1
582,573,1
334,294,1
315,790,1
218,228,1
232,783,1
297,276,1
550,538,1
180,181,1
71,75,1
549,550,1
153,141,1
576,566,1
102,84,1
320,311,1
51,58,1
259,268,1
339,349,1
437,454,1
535,542,1
751,760,1
436,449,1
103,128,1
445,60,1
65,77,1
742,730,1
799,803,1
485,492,1
524,467,1
191,174,1
778,801,1
555,558,1
302,306,1
184,188,1
354,355,1
67,46,1
711,630,1
754,757,1
510,530,1
150,151,1
480,493,1
34,107,1
19,36,1
107,47,1
504,194,1
667,648,1
624,681,1
809,782,1
635,623,1
103,116,1
602,594,1
461,468,1
80,49,1
161,157,1
639,624,1
132,121,1
361,367,1
617,624,1
44,449,1
395,392,1
502,484,1
22,5,1
291,273,2
421,423,1
83,63,1
603,590,1
159,105,1
668,682,1
194,167,1
636,711,1
770,775,1
711,704,1
665,656,1
131,117,1
635,637,1
641,626,1
380,381,1
440,493,1
39,10,1
315,795,1
67,99,1
602,608,1
612,595,1
579,584,1
421,429,1
235,238,1
226,789,1
669,676,1
806,270,1
451,412,1
20,33,1
26,32,1
65,53,1
42,1,1
387,390,1
63,61,1
777,226,1
355,340,1
449,426,1
446,415,1
102,98,1
576,558,1
159,149,1
558,573,1
156,158,1
381,372,1
27,13,1
103,133,1
33,34,1
314,310,1
111,127,1
580,558,1
684,680,1
449,454,1
19,9,1
144,154,2
133,115,1
65,51,1
401,410,1
647,654,1
238,220,1
622,629,1
353,355,1
146,152,1
800,806,1
108,88,1
239,222,1
395,399,1
84,98,1
666,648,1
188,183,1
502,496,1
531,539,1
578,583,1
436,412,1
452,422,1
483,495,1
226,315,1
44,691,1
452,428,1
644,658,1
533,534,1
37,16,1
201,204,1
448,426,1
401,433,1
103,105,1
270,797,1
0,18,1
777,779,1
227,240,1
526,534,1
453,418,1
304,280,1
38,42,1
307,312,1
257,349,1
22,23,1
234,806,1
81,115,1
480,497,1
608,595,1
23,28,1
649,656,1
544,536,1
147,160,1
26,29,1
737,731,1
110,103,1
256,303,1
257,262,1
388,392,1
154,143,1
710,711,1
742,731,1
228,222,1
646,655,1
73,74,1
164,191,1
12,14,1
577,558,1
192,181,1
274,281,1
107,98,1
645,660,1
70,45,1
611,590,1
72,46,1
235,237,1
331,368,1
28,8,1
188,177,1
498,503,1
92,97,1
70,59,1
532,542,1
125,119,1
137,155,1
492,493,1
108,45,1
670,676,1
500,483,1
580,585,1
7,15,1
249,252,1
205,209,1
303,309,1
435,429,1
74,79,1
30,39,1
579,581,1
71,81,1
24,12,1
422,428,1
687,678,1
264,247,1
804,783,1
776,812,1
206,208,1
67,97,1
60,179,1
477,458,1
789,796,1
579,566,1
556,557,1
44,65,1
436,444,1
569,572,1
237,240,1
227,311,1
79,61,1
73,77,1
666,658,1
481,490,1
782,795,1
704,630,1
81,95,1
583,566,1
70,47,1
554,558,1
20,40,1
166,175,1
457,471,1
29,39,1
603,592,1
194,591,1
603,610,1
706,701,1
766,752,1
144,147,2
196,202,1
626,627,1
458,467,1
581,573,1
29,13,1
444,60,1
40,1,1
263,246,1
498,490,1
618,625,1
606,590,1
746,726,1
357,360,1
103,109,1
270,781,1
314,315,1
511,526,1
809,785,1
60,98,1
288,277,1
493,495,1
584,564,1
724,729,1
314,301,1
0,30,1
242,249,1
582,556,1
634,627,1
315,788,1
84,88,1
84,45,1
270,246,1
321,331,1
442,416,1
237,221,1
75,58,1
60,413,1
423,431,1
451,423,1
332,331,1
620,626,1
297,273,1
51,62,1
159,160,1
337,350,1
382,388,1
776,789,1
289,286,1
499,194,1
189,165,1
454,407,1
636,710,1
19,41,1
131,116,1
376,364,1
257,341,1
81,94,1
132,123,1
70,80,1
782,788,1
602,610,1
298,307,1
130,136,1
745,736,1
724,748,1
801,797,1
383,479,1
117,118,1
56,58,1
668,676,1
260,252,1
459,463,1
466,468,1
270,341,1
739,741,1
321,295,1
373,367,1
134,46,1
229,236,1
508,487,1
353,354,1
734,745,1
191,179,1
295,306,1
509,502,1
210,205,1
147,142,1
418,421,1
220,221,1
436,441,1
92,99,1
242,237,1
35,38,1
82,92,1
31,3,1
605,594,1
194,596,1
284,304,1
197,204,1
63,90,1
193,167,1
663,665,1
47,54,1
659,663,1
526,559,1
63,68,1
361,380,1
619,631,1
315,810,1
435,414,1
637,642,1
305,311,1
113,116,1
558,571,1
739,734,1
108,47,1
81,123,1
218,229,1
217,198,1
542,601,1
212,203,1
811,790,1
163,185,1
144,148,1
148,105,1
102,94,1
333,335,1
132,46,1
162,155,1
324,331,1
474,463,1
258,270,1
797,798,1
786,795,1
26,17,1
574,581,1
249,250,1
43,79,1
25,27,1
289,270,1
587,589,1
107,108,1
463,468,1
148,149,1
476,456,1
440,425,1
111,120,1
410,420,1
501,484,1
23,18,1
229,356,1
393,387,1
35,42,1
653,654,1
226,235,1
315,783,1
164,60,1
615,643,1
789,792,1
102,104,1
102,91,1
346,351,1
315,804,1
153,106,2
636,631,1
613,597,1
191,173,1
587,607,1
6,8,1
101,87,1
638,643,1
233,240,1
674,681,1
272,276,1
270,302,1
809,796,1
48,56,1
45,95,1
488,491,1
321,324,1
591,593,1
32,6,1
363,366,1
177,181,1
151,141,1
438,426,1
166,167,1
500,488,1
291,270,1
697,681,1
734,730,1
45,94,1
609,611,1
530,518,1
64,70,1
477,457,1
52,174,1
627,629,1
401,445,1
288,297,1
434,420,1
146,141,1
501,496,1
288,292,1
274,284,1
575,580,1
107,86,1
169,183,1
800,785,1
778,791,1
694,620,1
318,308,1
319,270,1
159,153,1
745,757,1
198,204,1
106,90,1
443,452,1
433,418,1
405,542,1
299,312,1
44,687,1
226,805,1
405,601,1
437,418,1
102,95,1
346,349,1
194,408,1
358,270,1
361,378,1
381,370,1
195,217,1
293,325,1
434,404,1
48,50,1
446,424,1
453,194,1
642,632,1
576,568,1
446,418,1
385,391,1
39,18,1
20,237,1
686,689,1
148,154,1
65,71,1
72,79,1
428,429,1
777,783,1
77,53,1
448,405,1
461,464,1
378,368,1
569,570,1
602,593,1
588,542,1
85,86,1
512,525,1
355,348,1
741,736,1
532,547,1
810,793,1
636,640,1
280,286,1
353,347,1
154,155,1
401,405,1
270,787,1
445,410,1
437,424,1
354,351,1
313,372,1
549,543,1
31,4,1
118,122,1
708,624,1
648,650,1
405,418,1
382,194,1
700,705,1
7,9,1
770,761,1
806,781,1
314,320,1
661,664,1
375,364,1
266,252,1
230,241,1
785,791,1
27,4,1
445,403,1
734,731,1
25,14,1
232,233,1
738,739,1
760,762,1
67,94,1
434,419,1
532,526,1
783,786,1
451,411,1
744,729,1
660,650,1
44,681,2
153,142,1
232,236,1
605,599,1
354,349,1
584,573,1
597,601,1
56,57,1
226,227,1
405,424,1
362,371,1
511,515,1
410,419,1
402,443,1
769,771,1
782,783,1
151,143,1
707,646,1
103,130,1
377,366,1
407,417,1
25,39,1
74,46,1
342,345,1
34,9,1
273,277,1
135,119,1
407,408,1
226,785,1
740,748,1
68,61,1
448,417,1
574,566,1
668,673,1
799,785,1
663,709,1
545,538,1
47,57,1
402,431,1
67,95,1
790,795,1
146,143,1
477,478,1
61,62,1
339,346,1
665,652,1
66,71,1
26,12,1
412,429,1
526,392,1
255,269,1
425,429,1
507,489,1
605,194,1
746,728,1
252,253,1
447,415,1
611,181,1
394,395,1
211,207,1
768,753,1
23,10,1
401,407,1
47,93,1
396,475,1
110,113,1
169,177,1
298,319,1
259,266,1
685,620,1
706,636,1
61,118,1
196,213,1
190,60,1
333,328,1
260,261,1
444,452,1
598,599,1
459,462,1
396,479,1
751,755,1
546,539,1
768,754,1
464,465,1
584,556,1
446,448,1
105,109,1
553,579,1
65,66,1
197,205,1
554,577,1
12,18,1
361,365,1
407,426,1
282,285,1
772,765,1
334,363,1
451,422,1
8,11,1
380,359,1
474,464,1
129,119,1
226,224,1
132,136,1
257,360,1
63,109,1
746,735,1
737,744,1
0,14,1
627,628,1
604,592,1
729,733,1
115,116,1
27,31,1
78,81,1
636,708,1
137,152,2
438,454,1
712,650,1
92,100,1
102,88,1
554,561,1
308,280,1
551,534,1
229,246,1
375,372,1
433,424,1
524,502,1
618,621,1
535,541,1
257,378,1
779,783,1
339,357,1
298,312,1
504,483,1
301,311,1
316,294,1
167,172,1
109,99,1
688,679,1
331,379,1
502,194,1
360,270,1
77,56,1
50,53,1
674,620,1
0,27,1
19,22,1
582,559,1
317,308,1
214,207,1
604,590,1
47,48,1
436,454,1
21,38,1
89,92,1
684,675,1
86,87,1
281,286,1
619,621,1
270,792,1
231,236,1
269,248,1
152,143,1
553,559,1
78,52,1
606,601,1
434,431,1
522,308,1
322,336,1
409,422,1
23,30,1
152,141,1
19,25,1
102,45,1
60,61,1
444,408,1
409,428,1
776,232,1
614,637,1
201,205,1
582,562,1
492,496,1
737,749,1
779,804,1
643,629,1
692,694,1
257,346,1
257,365,1
74,58,1
258,241,1
77,50,1
441,403,1
184,173,1
402,505,1
67,72,1
380,312,1
804,784,1
592,542,1
109,97,1
642,619,1
374,370,1
712,699,1
449,692,1
451,428,1
461,463,1
163,60,1
646,656,1
449,194,1
165,176,1
48,53,1
417,421,1
623,626,1
293,294,2
728,731,1
124,81,1
500,490,1
575,526,1
334,369,1
194,412,1
271,254,1
587,604,1
402,450,1
168,60,1
402,448,1
211,215,1
63,105,1
299,319,1
337,359,1
189,178,1
239,220,1
44,673,1
645,658,1
449,693,1
70,76,1
214,215,1
557,559,1
273,284,1
118,120,1
448,407,1
1,16,1
471,472,1
660,658,1
149,151,1
50,56,1
559,573,1
189,169,1
314,302,1
110,130,1
259,251,1
547,550,1
369,370,1
85,99,1
320,284,1
668,681,1
397,390,1
392,540,1
67,98,1
364,371,1
713,718,2
34,45,1
5,17,1
73,61,2
21,1,1
76,80,1
518,467,1
697,624,1
291,324,1
23,27,1
352,360,1
331,375,1
226,795,1
460,468,1
194,52,1
2,11,1
383,394,1
135,112,1
636,621,2
24,9,1
302,280,1
433,448,1
551,537,1
379,365,1
263,254,1
586,612,1
806,794,1
766,745,1
789,798,1
402,420,1
615,634,1
650,704,1
476,477,1
401,402,1
291,331,1
451,415,1
445,453,1
101,81,1
63,78,1
135,73,1
43,57,1
650,630,1
805,786,1
740,745,1
84,99,1
232,806,1
432,429,1
486,490,1
580,559,1
770,763,1
603,591,1
687,674,1
353,359,1
462,468,1
502,504,1
663,657,1
300,301,1
527,516,1
257,366,1
634,622,1
436,430,1
194,656,1
766,770,1
499,483,1
692,682,1
66,49,1
429,431,1
550,542,1
769,757,1
453,430,1
2,7,1
779,810,1
48,51,1
500,504,1
67,80,1
76,47,1
186,194,1
194,180,1
743,728,1
776,791,1
83,60,1
72,48,1
661,663,1
303,311,1
608,594,1
665,667,1
300,280,1
266,250,1
575,568,1
450,415,1
34,84,1
440,445,2
622,652,1
800,781,1
320,303,1
435,410,1
75,49,1
296,270,1
460,462,1
64,67,1
333,336,1
34,92,1
284,309,1
256,271,1
291,297,1
321,273,1
163,173,1
43,48,1
670,679,1
434,451,1
401,414,1
34,47,1
72,57,1
195,199,1
433,446,1
458,471,1
579,563,1
109,86,1
649,655,1
77,51,1
385,397,1
767,761,1
383,390,1
70,72,1
433,450,1
786,797,1
67,59,1
640,643,1
211,194,1
774,760,1
504,488,1
107,92,1
85,97,1
427,430,1
107,97,1
250,251,1
186,192,1
44,695,1
403,427,1
75,46,1
87,99,1
259,245,1
255,270,1
811,793,1
500,482,1
127,120,1
606,405,1
752,759,1
483,489,1
764,765,1
408,427,1
76,59,1
561,568,1
33,4,1
808,809,1
526,556,1
437,450,1
481,194,1
688,681,1
378,334,1
441,415,1
708,681,1
67,54,1
66,73,1
482,491,1
437,448,1
188,182,1
338,270,1
101,89,1
417,418,1
39,14,1
637,632,1
441,447,1
740,746,1
339,345,1
67,85,1
105,90,1
801,788,1
76,45,1
153,139,1
437,408,1
180,183,1
625,626,1
710,705,1
44,624,1
163,184,1
80,62,1
667,650,1
439,415,1
67,47,2
711,698,1
52,170,1
552,577,1
480,440,1
80,52,1
365,312,1
101,106,1
552,562,1
190,173,1
212,198,1
620,622,1
399,392,1
34,98,1
134,113,1
812,795,1
682,702,1
393,396,1
435,453,1
477,464,1
746,730,1
153,140,1
581,568,1
26,5,1
806,807,1
449,430,1
225,221,1
229,234,1
125,123,1
44,76,1
316,303,1
756,764,1
436,408,1
30,16,1
621,632,1
263,244,1
433,443,1
509,525,1
635,632,1
129,118,1
46,117,1
378,379,1
688,449,1
135,118,1
751,762,1
301,280,1
412,414,1
607,597,1
5,12,1
396,476,1
409,411,1
322,324,1
555,556,1
20,238,1
67,88,1
544,540,1
19,20,1
577,559,1
307,311,1
52,175,1
645,666,1
694,680,1
67,45,2
777,804,1
402,404,1
290,281,1
568,573,1
438,417,1
688,691,1
433,466,1
229,259,1
771,764,1
207,205,1
549,533,1
776,786,1
598,181,1
297,282,1
227,308,1
663,649,1
215,198,1
611,599,1
321,332,1
213,203,1
64,79,1
519,520,1
36,42,1
168,173,1
612,598,1
622,653,1
669,685,1
779,807,1
671,676,1
42,5,1
235,221,1
602,612,1
688,677,1
622,654,1
270,309,1
753,756,1
725,733,1
243,258,1
167,179,1
149,160,1
271,244,1
41,4,1
260,271,1
316,284,1
548,543,1
725,729,1
725,742,1
410,431,1
643,628,1
777,788,1
703,646,1
61,119,1
608,610,1
603,599,1
185,178,1
497,503,1
314,305,1
502,519,1
790,793,1
803,793,1
107,99,1
696,682,1
805,782,1
589,594,1
90,60,1
264,270,1
615,633,1
82,85,1
419,428,1
811,796,1
284,312,1
125,121,1
481,499,1
433,460,1
490,491,1
707,700,1
103,51,1
622,627,1
548,551,1
401,429,1
337,356,1
246,249,1
612,589,1
332,273,1
188,178,1
311,313,1
779,811,1
672,683,1
442,426,1
77,78,1
784,788,1
806,780,1
55,115,1
802,803,1
257,263,1
688,673,1
554,567,1
554,569,1
449,677,1
771,752,1
110,126,1
188,169,1
65,73,1
432,414,1
709,710,1
684,686,1
268,248,1
810,781,1
87,97,1
23,14,1
340,347,1
421,425,1
251,252,1
402,419,1
160,106,1
738,726,1
101,107,1
44,679,1
668,695,1
665,655,1
635,630,1
777,810,1
290,279,1
404,412,1
270,780,1
267,248,1
748,726,1
576,562,1
778,803,1
173,176,1
211,204,1
257,313,1
193,171,1
144,162,1
706,719,2
283,286,1
478,479,1
337,352,1
533,535,1
46,116,1
548,533,1
214,204,1
126,51,1
293,284,1
384,388,1
354,340,1
484,491,1
84,97,1
192,179,1
233,223,1
577,578,1
0,39,1
54,56,1
670,695,1
439,425,1
642,625,1
809,797,1
419,422,1
295,285,1
270,796,1
270,273,1
433,431,1
337,346,1
801,270,1
767,763,1
384,389,1
213,214,1
445,492,1
233,234,1
124,134,1
22,26,1
316,308,1
360,343,1
456,470,1
16,18,1
272,281,1
506,491,1
671,686,1
512,518,1
234,235,1
779,790,1
546,537,1
435,440,1
725,734,1
256,309,1
446,419,1
557,568,1
323,329,1
194,595,1
777,806,1
751,766,1
648,654,1
526,573,1
661,648,1
588,600,1
751,769,1
71,54,1
39,13,1
63,50,1
86,89,1
441,453,1
376,370,1
256,262,1
169,182,1
525,527,1
706,708,1
309,310,1
414,423,1
653,657,1
515,519,1
589,591,1
552,565,1
457,467,1
531,526,1
52,61,1
692,673,1
706,663,1
446,404,1
375,380,1
362,312,1
443,447,1
755,762,1
232,239,1
622,655,1
333,330,1
377,381,1
433,472,1
238,239,1
423,425,1
101,104,1
32,37,1
22,1,1
241,250,1
594,597,1
318,311,1
402,421,1
171,172,1
732,733,1
447,453,1
552,572,1
166,171,1
403,60,1
44,45,1
405,597,1
101,91,1
635,638,1
725,741,1
476,478,1
782,790,1
663,652,1
72,54,1
576,559,1
448,416,1
480,492,1
641,618,1
440,489,1
402,438,1
109,91,1
321,323,1
645,662,1
355,359,1
804,795,1
26,35,1
34,95,1
545,544,1
503,486,1
20,42,1
561,562,1
40,12,1
4,6,1
649,652,1
291,278,1
34,40,1
413,427,1
639,643,1
405,420,1
461,462,1
663,682,1
554,575,1
229,342,1
165,60,1
228,221,1
779,806,1
428,431,1
670,692,1
738,743,1
218,223,1
557,571,1
806,787,1
628,631,1
455,463,1
602,590,1
66,74,1
454,409,1
71,73,1
0,13,1
82,87,1
194,494,1
784,790,1
578,557,1
487,489,1
273,281,1
669,620,1
433,420,1
782,789,1
663,653,1
609,612,1
588,589,1
506,508,1
707,703,1
127,134,1
415,427,1
84,100,1
812,784,1
37,15,1
737,741,1
498,505,1
230,234,1
125,81,1
299,307,1
753,760,1
256,227,1
377,359,1
534,539,1
276,285,1
334,364,1
172,173,1
33,13,1
644,648,1
234,785,1
108,87,1
163,187,1
803,795,1
163,177,1
670,693,1
269,245,1
614,630,1
116,119,1
433,461,1
486,488,1
467,469,1
184,190,1
609,596,1
673,620,1
434,424,1
243,270,1
231,234,1
255,241,1
290,283,1
197,199,1
437,416,1
111,134,1
220,224,1
417,424,1
434,418,1
287,292,1
273,279,1
43,63,1
302,313,1
587,405,1
804,789,1
434,423,1
562,573,1
193,165,1
432,423,1
272,279,1
812,790,1
32,10,1
81,52,1
772,745,1
783,791,1
189,192,1
714,722,2
296,276,1
196,208,1
110,46,1
451,413,1
560,566,1
791,795,1
29,6,1
322,329,1
79,81,1
610,595,1
659,657,1
320,304,1
737,734,1
528,514,1
442,194,1
697,682,1
20,231,1
581,584,1
608,194,1
777,778,1
405,419,1
810,797,1
660,661,1
672,676,1
228,232,1
25,10,1
685,686,1
229,237,2
258,253,1
279,285,1
0,37,1
575,578,1
103,73,1
270,794,1
481,498,1
737,728,1
706,711,1
184,189,1
630,632,1
11,17,1
468,470,1
389,391,1
210,217,1
36,3,1
189,194,1
513,518,1
232,798,1
44,80,1
577,580,1
661,654,1
103,91,1
754,759,1
806,808,1
34,36,1
291,326,1
334,372,1
802,781,1
27,34,1
383,468,1
332,323,1
780,786,1
135,115,1
202,203,1
126,118,1
433,419,1
187,176,1
801,784,1
291,275,1
744,727,1
138,150,1
433,404,1
195,209,1
21,33,1
730,736,1
38,3,1
712,700,1
603,181,1
226,784,1
291,296,1
435,60,1
712,705,1
776,782,1
794,798,1
579,559,1
252,254,1
781,787,1
442,423,1
660,666,1
407,430,1
2,6,1
619,630,1
229,353,1
48,62,1
287,285,1
440,485,1
739,732,1
103,104,1
799,804,1
129,134,1
404,428,1
296,273,1
739,731,1
243,244,1
355,356,1
315,806,1
801,780,1
63,51,1
799,810,1
700,630,1
444,447,1
804,812,1
225,232,1
234,224,1
552,570,1
440,451,1
522,513,1
238,223,1
125,115,1
609,593,1
453,454,1
644,663,1
188,166,1
636,637,1
314,270,1
522,519,1
667,654,1
23,6,1
204,205,1
334,365,1
27,15,1
659,649,1
139,141,1
804,788,1
410,425,1
700,704,1
484,488,1
534,543,1
439,445,1
669,692,1
90,97,1
603,596,1
615,619,1
45,98,1
478,469,1
44,59,1
737,733,1
481,494,1
115,117,1
590,181,1
675,678,1
514,515,1
555,562,1
432,476,1
801,794,1
210,209,1
432,445,1
578,558,1
432,475,1
745,762,1
442,454,1
260,267,1
757,764,1
743,749,1
137,146,1
634,618,1
49,54,1
405,431,1
170,173,1
278,282,1
451,406,1
319,312,1
452,413,1
576,526,1
139,143,1
98,99,1
81,89,1
802,785,1
750,769,1
553,563,1
455,464,1
177,60,1
44,708,1
623,630,1
524,530,1
752,762,1
507,485,1
375,367,1
237,238,1
785,789,1
34,41,1
298,270,1
290,274,1
404,411,1
604,589,1
80,81,1
149,150,2
211,205,1
148,153,1
450,403,1
44,47,1
196,206,1
553,574,1
215,203,1
383,472,1
45,47,2
103,118,1
702,681,1
669,693,1
526,514,1
64,62,1
582,568,1
435,437,1
289,273,1
802,807,1
110,136,1
664,648,1
583,568,1
800,811,1
694,675,1
778,232,1
803,788,1
418,426,1
586,593,1
59,60,1
20,229,1
717,719,2
641,623,1
608,613,1
218,232,1
11,12,1
128,121,1
651,658,1
45,59,1
715,718,2
34,85,1
710,630,1
507,484,1
580,563,1
647,657,1
25,18,1
342,347,1
367,369,1
489,494,1
615,625,1
63,74,1
102,89,1
317,307,1
271,253,1
741,729,1
642,643,1
316,309,1
709,650,1
297,277,1
318,309,1
41,3,1
445,446,1
263,253,1
107,85,1
474,470,1
187,172,1
437,438,1
446,405,1
408,429,1
811,791,1
39,16,1
226,788,1
698,621,1
150,162,1
398,399,1
801,787,1
34,88,1
35,9,1
448,421,1
408,414,1
68,78,1
174,175,1
307,309,1
727,735,1
188,193,1
396,468,1
752,757,1
576,580,1
21,41,1
70,75,1
20,22,1
237,266,1
503,494,1
6,7,1
778,786,1
60,100,1
741,749,1
194,486,1
291,293,2
147,141,1
437,421,1
616,632,1
449,412,1
497,445,1
800,789,1
63,53,1
213,198,1
417,420,1
527,520,1
446,431,1
217,200,1
387,388,1
447,403,1
453,426,1
436,426,1
434,450,1
689,620,1
38,15,1
126,73,1
812,786,1
584,568,1
670,449,1
794,796,1
130,122,1
125,112,1
174,183,1
191,60,1
674,679,1
288,276,1
544,542,1
668,671,1
28,6,1
402,418,1
581,559,1
226,221,1
132,113,1
114,61,1
331,374,1
241,252,1
44,72,1
446,450,1
109,60,1
194,411,1
509,518,1
42,17,1
207,204,1
455,462,1
116,118,1
645,650,1
778,796,1
668,692,1
368,371,1
227,307,1
145,158,1
50,51,1
616,643,1
685,680,1
799,812,1
234,789,1
434,443,1
33,16,1
373,370,1
425,427,1
593,598,1
45,88,1
502,467,1
15,16,1
589,599,1
621,625,1
207,194,1
264,244,1
188,50,1
745,749,1
316,317,1
229,359,1
417,419,1
773,755,1
152,139,1
759,765,1
474,458,1
669,449,1
383,460,1
272,274,1
404,422,1
90,99,1
738,747,1
137,159,1
397,400,1
669,691,1
338,341,1
293,279,1
625,630,1
548,541,1
473,470,1
6,11,1
799,789,1
300,305,1
315,797,1
325,329,1
462,470,1
574,585,1
724,732,1
749,732,1
405,415,1
766,765,1
364,312,1
811,782,1
70,52,1
164,188,1
507,496,1
637,620,1
671,675,1
779,781,1
293,281,1
66,56,1
124,135,1
194,655,1
524,525,1
42,12,1
563,571,1
586,611,1
363,313,1
585,557,1
525,517,1
234,812,1
226,803,1
665,653,1
82,107,1
172,60,1
242,263,1
734,748,1
398,392,1
192,172,1
586,603,1
804,785,1
22,38,1
147,143,1
188,168,1
707,702,1
32,14,1
386,392,1
640,619,1
647,649,1
769,759,1
578,582,1
176,180,1
449,691,1
25,30,1
185,179,1
532,539,1
551,542,1
63,77,1
384,194,1
774,756,1
245,247,1
605,181,1
303,284,1
409,413,1
706,698,1
575,559,1
484,490,1
453,417,1
692,681,1
734,728,1
301,284,1
424,428,1
436,417,1
291,286,1
85,100,1
233,241,1
432,465,1
217,201,1
591,181,1
44,62,1
618,631,1
415,429,1
452,423,1
186,178,1
713,706,2
635,620,1
447,410,1
167,181,1
111,132,1
412,425,1
585,571,1
34,37,1
536,540,1
460,471,1
433,396,1
445,507,1
66,77,1
70,81,1
594,596,1
438,416,1
43,67,1
239,224,1
773,753,1
383,466,1
1,13,1
256,268,1
433,451,1
30,4,1
81,87,1
295,313,1
616,633,1
184,174,1
21,40,1
805,796,1
194,428,1
526,564,1
485,491,1
312,368,1
563,566,1
237,248,1
528,518,1
19,42,1
590,592,1
636,630,2
799,811,1
646,651,1
137,156,1
161,106,1
31,16,1
454,411,1
21,36,1
534,541,1
128,123,1
237,251,1
454,428,1
50,62,1
787,790,1
590,599,1
434,448,1
402,424,1
617,629,1
147,157,1
454,422,1
417,431,1
257,344,1
617,628,1
359,351,1
560,562,1
708,682,1
725,749,1
688,695,1
660,662,1
66,53,1
552,575,1
693,674,1
164,173,1
439,429,1
280,312,1
671,680,1
446,420,1
553,566,1
553,581,1
103,129,1
154,156,1
786,793,1
517,308,1
649,653,1
432,479,1
445,447,1
433,469,1
218,221,1
298,315,1
136,81,1
177,179,1
307,308,1
577,568,1
451,409,1
609,591,1
228,236,1
739,742,1
690,674,1
668,449,1
34,94,1
360,341,1
361,370,1
591,542,1
523,515,1
304,306,1
474,457,1
512,524,1
44,682,2
194,422,1
809,792,1
751,753,1
108,81,1
523,514,1
30,31,1
770,760,1
0,16,1
603,608,1
583,562,1
43,49,1
74,55,1
315,798,1
255,259,1
768,756,1
237,265,1
501,505,1
670,691,1
108,89,1
480,506,1
645,661,1
184,191,1
442,430,1
300,302,1
316,311,1
185,194,1
67,84,1
777,784,1
129,114,1
20,25,1
35,41,1
261,247,1
212,197,1
63,56,1
441,410,1
654,658,1
37,3,1
235,222,1
130,120,1
805,797,1
605,613,1
163,182,1
480,500,1
775,765,1
320,300,1
767,760,1
635,626,1
685,675,1
354,347,1
126,129,1
125,135,1
776,803,1
602,592,1
272,297,1
459,471,1
40,17,1
272,283,1
432,425,1
258,269,1
625,632,1
439,414,1
586,194,1
262,246,1
710,704,1
41,15,1
235,240,1
668,691,1
587,601,1
74,60,1
501,487,1
801,808,1
743,730,1
750,774,1
20,37,1
433,468,1
512,528,1
636,704,1
769,770,1
401,427,1
69,54,1
186,169,1
800,812,1
